31636 13967 2589 5147 31199 
1195 5972 10683 28974 
29939 3263 30439 14535 
89999918 6264 
6549 15 
132 232 
2643 25234054 224279 
3 22 28 1513397 28054 
14832 28390 22297 26690 
13066 5207 29138 8299 32202 1581 
7229 
20280 7901 16976 10183 

10618 6525 
19080 15005 
12341 528 8728 
2426 15224194 17390 16375 11384 6351 
31887 110 39 23419 28411 10429 
19380 21813 571 1544410 113917 6509  1 
30756 14693 11282   	532 41 

28033 69 91 11 11134
135 91 2566573 2 5630842 127546 
8113 23665 13839 5015 
