300 21350 29036 9002 7703 32488 
23836 5046 13102 
17524 7272 2162 30894 7558 23020 11588 24839 
12829 12067 24042 11847 18221 23780 3992 29394 30768 
20937 5785 15748 
20541 2643 29918 16665 
1721 4626 2413 3610 2140 28819 17854 25384 
17170 5106 5540 
449 13714 13199 8571 11126 26089 
32396 17720 925 16387 13058 
28221 3921 13437 325 1949 21744 
27372 24320 8645 5183 15901 6445 29754 
30217 
18237 1276 15767 5227 10475 
20296 9739 10974 30015 31581 22016 20295 23461 
12305 12925 21216 5815 27966 5638 2272 
3233 22340 18025 19829 20778 10252 
31476 13761 14178 6659 25030 10454 7648 
431 8083 
9660 29869 11350 
21306 3842 22986 30810 5828 16835 9066 
28330 28775 11727 1179 31021 11394 8158 10939 
2298 22250 
14912 
15550 2617 16140 13215 9732 29380 

1222 25685 11379 23925 27827 7148 14081 21669 
21143 26711 24188 22284 21732 18849 1901 
31362 5656 5008 4216 17962 10673 21498 32329 32111 
31312 
1725 4495 22345 5175 14518 20942 19071 
18678 6671 20442 7796 23541 14083 15799 30718 26892 
3126 21372 1044 
13767 18653 11125 6476 20156 9621 32070 
16434 13967 9743 8917 26443 5609 1500 
19286 
11946 7776 16598 17341 12810 28487 17400 
4556 30574 1430 18484 24868 
8618 13241 23374 29237 8156 
19994 15539 11318 5791 10369 27575 31082 
17144 23359 5103 21171 5110 7878 
966 22274 21148 14344 8577 16052 18694 22278 
26348 14763 10565 4395 12249 28113 27113 
21618 11028 17107 18730 30335 
5973 3185 22842 4254 2854 
20789 29188 3016 12612 9381 23210 
18216 18366 4602 20966 23291 10941 27144 29724 4121 
11786 5338 7155 9760 958 15188 11308 7450 
1907 14409 23270 19976 29024 27009 10362 
1986 3323 28458 13610 23634 5055 2486 
1528 
16623 15987 32031 

23677 20608 2993 7655 17451 
17385 11410 18257 
5591 32683 23967 1683 12226 27875 25022 11270 
21112 808 14389 19790 28304 24025 
32196 3605 11394 
13749 15689 

17184 7254 1222 1854 10081 26870 
20434 30750 3903 
14604 30405 13175 26909 31934 12409 4671 31375 

26374 16836 16938 21888 29593 25166 1636 
27527 2084 7020 30415 14829 32683 21870 
9817 12644 12827 11554 9362 30318 25445 10640 15547 
19382 9237 30595 26573 22986 5238 
1426 17719 13962 20984 29591 20413 13560 16209 
18118 12795 2150 4920 17588 

2860 29 10447 21236 
13586 16167 22869 3962 11450 10152 1775 13839 
12671 7750 12546 8441 27880 30703 8394 23521 
31251 6102 27749 30041 21817 
4128 16945 
24021 21699 22701 
18731 21864 7992 15562 4982 
3413 1540 7150 16273 24937 
12209 3677 1163 24742 26953 19070 
1807 9094 17617 32387 31630 24537 24203 
27023 27752 21657 4094 
7379 24953 2816 23589 723 

25448 21121 17472 30766 6040 
2841 
5335 13858 11318 12054 32617 24442 
29066 12529 23939 24497 25609 
29333 
17272 2260 12857 27370 13576 16724 3747 7690 21137 
20187 
29958 
277 4723 30513 17656 410 14647 
6522 18001 31950 21678 8742 7436 3893 30524 
4862 1801 2444 
24729 30807 7345 15488 291 24918 
21579 
22249 27077 2972 28126 12650 15253 
30938 17172 3016 3732 21588 3881 20767 31377 
5687 8852 12892 21550 22461 19524 
20961 6458 
32761 24263 28800 32250 15589 

25039 2129 8988 
9429 14107 29187 11084 6268 

27656 9271 13475 19870 17275 27191 31057 23629 21261 
17129 
24210 24899 7734 1713 28980 4736 11568 13892 
25152 646 24603 
31161 
7895 
16689 13293 6803 16546 23655 10454 7481 8170 19755 
8758 10304 6272 1564 8873 
22622 
10482 19735 19770 12532 

16637 23262 13685 15863 24444 22083 25784 30221 
21953 32609 18928 12715 24879 22874 16325 24308 
25678 21866 17388 15438 15318 24311 27293 29749 25444 
6678 20306 18535 27477 7113 23632 12992 2001 15007 
8560 100 14416 

28583 16955 
23025 26987 5348 12881 
32081 23599 10260 16667 30026 21527 15342 3607 
11634 9645 
18553 3950 12325 28026 5233 11167 31398 
13800 4715 17730 4146 
20248 28431 29162 15842 20885 5688 14347 23661 8431 
21845 17669 20238 18105 12085 23913 21494 
8116 7136 16528 26099 26570 207 11076 12946 
7296 9970 28527 5344 
26278 23320 15897 3961 
12530 4838 30227 
12955 6302 12249 23687 15899 26707 11746 25363 9388 
23617 27179 12547 27896 18694 
12205 16579 298 27931 7253 20669 19309 
5119 26839 7424 9827 
13001 22695 22265 11713 
6403 13795 
14583 31952 22529 
1305 
14884 
10525 25835 13075 
26510 8886 4368 19653 13158 7150 14045 27170 
5295 29415 16355 32257 5473 5751 29895 26398 

19376 14324 6024 3985 5754 10686 
4105 24801 23941 
13678 19720 20871 3939 20874 17615 32732 29681 
17031 12086 8280 2955 
1277 32611 27018 32389 26187 27429 31932 
3549 16722 5593 26306 725 28962 
28231 13617 20031 15916 22244 13146 
23068 27709 15727 17656 12126 24603 18109 20654 
4111 29323 6599 28941 
7338 32098 26221 
15380 30134 7021 20702 18617 5252 28038 31844 16760 
21320 13768 7941 
25853 9121 15487 

30814 32536 16205 24635 23969 5791 14900 
32224 
14901 9298 11141 27129 31616 
21370 2554 5750 15252 32699 156 11704 
28429 30679 31008 
11854 2822 14760 20827 21729 
17576 31849 

30974 2897 9078 11125 5089 12789 
1882 10402 19307 1835 22144 

18856 18398 26220 21534 2279 9031 10898 28916 
31948 17128 
1692 8811 23222 30793 10155 626 
30325 9809 16663 26506 19932 
27778 26132 14218 20892 30483 3352 9803 5086 4201 
4691 13015 
22860 8552 
19139 32736 539 23462 6077 31818 
28816 10904 32482 12030 17808 
2754 29343 17024 2194 25403 

28481 9965 5616 24675 14369 8232 9274 
4536 
7912 
26492 3148 29884 25886 8448 
4255 27069 1695 29129 20847 31936 16753 7830 3764 
8492 
14231 12707 310 5946 3953 27262 32391 
19783 6181 9760 
27625 
31466 18099 12249 23510 28038 6650 11420 
13881 5498 
26024 12436 20264 22696 4352 18098 21984 1496 14105 
14988 17529 8276 31779 464 5106 9533 26057 

1833 7770 25466 1342 19362 7286 9326 
26200 21355 7047 25020 8009 8622 
23798 16473 8088 20077 23199 7738 
9393 1999 19727 13709 
14356 22518 
17696 14359 28492 9701 2636 8355 15837 
2083 21918 3671 11878 11106 12478 7075 4477 24073 
2694 3078 31248 14722 
5270 2165 18353 28078 25045 3609 14543 
30351 12048 30785 31949 11234 
31319 1666 
17980 9943 
13361 4351 526 7465 32486 18285 27436 
7407 5165 9741 19520 4178 
12240 9510 5408 3850 25098 10756 30613 
24685 11975 16320 416 22316 5339 
10905 21338 
6037 24308 574 17500 10537 30798 
2156 4702 1889 9899 9560 20909 24865 18588 12913 
9041 9830 30034 3236 7002 
17908 8833 23092 4504 17065 2572 19348 
27656 13078 
10584 21203 9575 20181 4767 2439 3696 31898 7461 
8893 
24370 26655 927 
20077 
25047 27768 22874 24638 4738 20963 18078 23560 14279 
27219 3180 3246 32021 3275 
24742 13704 6826 
23943 32416 29068 20200 4428 20224 18642 
8372 11344 20680 7977 16613 32009 2147 14746 
9147 29174 1975 16281 26766 
30824 2517 11046 28817 16999 
27486 9213 21025 2852 160 3187 29643 20359 
7119 13846 32094 26020 4506 21165 7012 30238 12636 
13424 14724 8926 21527 20065