32488 16443 
14784 9964 3000 26362 24675 3361 32494 
6202 3433 1951 27896 10495 336 
2795 27597 
2092 9476 14591 31602 
17020 25283 30337 17048 9584 1092 17871 13397 27570 
7768 18848 19628 15765 6348 13928 9465 
9416 18099 18458 12415 26742 19048 5770 
13790 5290 14032 21099 11413 6822 6377 5183 29882 
7975 26583 26006 25389 9433 23157 22391 26612 23017 

2128 29585 19052 
11597 9515 24714 16412 
20778 8318 21556 14078 26936 25212 
29698 21053 9851 24739 8421 9469 6314 
21313 26798 12174 
426 16727 27642 27895 28277 32578 
7890 6127 27759 5008 28378 26139 32412 
32176 26361 26485 21299 27879 14173 23756 21809 3792 
24050 16122 10936 8433 22656 24005 16254 
10437 22465 26458 23774 12112 27677 26011 
27634 28342 31425 
31784 

20474 23935 18430 1194 26950 13185 31193 15250 2326 
7892 11589 19000 16549 7116 264 29226 24018 12514 

14916 26464 

11530 
20579 
13543 
4720 31456 8115 14929 
5642 5497 15365 32691 31298 3335 
7752 17065 26205 
32669 11480 20703 7803 
14721 
1666 21331 29655 20784 
25030 15870 30044 
10747 22690 30324 24116 16310 
24944 2083 
6445 32752 4168 6316 30744 
14839 12638 13409 20164 12008 
24746 16018 962 28732 
22430 22940 5359 22755 12714 10935 23771 
552 11135 17523 24819 9773 25131 11315 31686 
21629 711 4909 11301 29012 32763 
28539 5695 6245 7308 
30149 2941 22545 18289 
22109 29756 9359 
31527 18984 13496 18641 20043 9644 17235 10316 
13926 6340 
1090 8383 1935 16647 19423 
29132 3428 20335 6693 370 
598 31399 4596 24351 6806 6660 5205 5333 
22096 10105 11003 18124 9041 22296 7587 
3733 25206 19348 6634 22162 3091 26602 28885 15045 
15186 9048 230 
28550 
31153 31905 15385 14593 11546 3033 1836 28464 26285 
2970 17842 20034 32035 10904 5798 
17175 12400 
15834 19858 14861 13211 13601 14798 
4128 11801 2519 1504 19634 29975 29461 29612 
7776 
15855 18330 25241 18515 27239 
5752 9092 14354 10609 22424 25600 17697 31337 
12806 18146 18912 
25662 20424 26481 17057 
25572 20007 
16735 205 14193 24017 24369 
22634 12175 25247 
6322 21288 6814 5280 8691 
26427 30366 
10344 29751 30822 5227 14767 5165 14092 8710 23835 
9912 
10617 24126 23225 10745 
8071 29864 30012 17306 29694 13155 
23823 12393 23535 
24968 17281 2784 13360 19592 10781 29271 15251 
16699 
18831 110 19028 29924 21442 9638 20047 
28335 24744 21260 18102 24091 19143 
30630 22174 14054 
210 29932 22569 5976 18904 9293 30044 
16051 26537 17113 

26304 22253 28438 16776 1319 814 32636 
26691 15029 20817 11927 15622 32623 30477 9831 
21207 20115 16761 30496 28972 10393 29568 23947 
15545 17465 10944 18472 29898 8174 22478 
6627 15341 21311 3296 27984 21110 30767 4015 25128 
21748 7657 26616 31454 10237 
28210 15775 15823 27726 5440 20364 5940 4624 
8661 14445 14831 
5808 9189 9990 9252 26275 
23321 30872 24376 22638 13836 31438 
32563 32278 32399 874 25974 
23349 1919 14823 344 21797 7390 27941 12059 
30014 19762 16051 1208 29731 25373 6668 
26518 14549 21691 23325 23822 28090 
26063 8431 11255 27780 27387 9475 
4127 
5783 
24657 27770 32122 
15589 6821 28631 7878 27831 1492 10467 23054 374 
26691 7624 15783 8529 31267 11193 15846 29056 14721 
11682 
25655 
1556 6476 20897 22967 6202 13306 8663 
11480 17986 10885 
4384 32176 24259 3905 31968 4268 15419 25964 7504 
29505 26052 15056 
5186 14487 23639 
10916 8103 11834 5537 
20998 11763 23842 30675 23457 12995 
12616 3783 14978 13695 11385 27973 27641 26655 20142 
12538 

9579 15866 3582 22549 32427 7665 19745 
7023 16062 16424 6436 4701 11457 24120 14951 
31807 
16478 28090 23807 10064 13144 3168 30594 10561 4577 
5756 23627 26999 
23651 1047 2359 15126 24034 23302 
16820 7669 30747 29507 28414 5354 
11357 18420 27706 2264 
21805 8766 6588 16865 14049 7194 5560 
3743 30560 
25196 
560 12562 6248 825 
20447 23060 26318 31989 17846 25555 13621 13455 9381 
32237 
28142 16285 27396 4624 
21150 13612 7383 7141 
941 
23319 

27527 7220 12779 22295 12454 

27703 8009 31971 18068 11967 3865 27435 3854 31044 

24752 18472 16919 12618 387 200 
12506 26753 3768 705 23139 21817 16344 8933 
2532 
9314 12127 13538 30735 23944 9437 18118 10355 11535 
724 19997 27619 13458 30286 4398 3620 3052 
890 23256 12451 23672 21373 26156 27492 
19338 
22320 7338 23812 
3875 818 
13894 18782 25241 13569 32554 20847 21269 
19371 698 3257 28533 1732 
24022 12882 26085 

32641 5114 8319 13144 3261 22344 
20633 
21557 26157 
25562 501 
20321 3344 9278 3857 10629 4605 934 3874 5381 
15135 4882 3115 23616 
14823 32406 22060 26204 
6310 22911 14718 12039 2167 24970 16699 11156 
3499 22375 23235 21589 17249 18584 
27932 26112 12896 25632 
23848 6612 22920 9690 19321 31902 29536 15788 7378 
18029 

17657 27145 32713 

15345 1058 31743 18212 
32238 8392 18368 20440 4206 
24643 24106 15095 
21044 2843 14489 24596 26288 23666 31136 32186 27351 
3379 19380 12657 4713 
5123 28689 31597 13067 
25667 6207 
5623 7619 5441 1421 
2242 3548 6990 10211 19033 
12032 20963 16986 16369 10247 29174 25395 18018 24118 
32000 11718 13753 7336 4158 29155 1232 32642 
27194 5501 30675 16258 
26345 20223 26421 1762 27148 30670 
2597 17256 2546 3376 29784 
28419 15007 12727 8146 
24274 27430 14392 9710 15189 2374 31286 
20497 7486 3934 26054 17561 19474 28505 20968 1966 
29383 32090 15339 25054 17111 
5363 26550 3371 6886 31261 7117 
21746 29344 26986 25686 642 15854 
18275 26190 11475 22977 16998 25327 17413 
4150 21407 31955 1875 27925 8534 15255 14750 20663 
28375 823 4163 11701 25304 29020 31494 18413 15071 

21742 
28364 17406 647 2184 9978 4486 10002 15221 2594 
31284 5773 7624 

11205 9933 
6893 15965 31184 25550 8706 21785 31071 2486 
27730 7612 18697 10500 
9192 25359 30317 30174 25302 
19052 601 19602 
26738 16654 14640 5915 5698 25414 17005 15269 21696 
24259 4191 29600 4633 
29273 26425 23788 6302 18649 16759 4169 11350 20657 

270 30184 31458 14557 30334 31872 15863 20136 7658 
31982 4121 26624 25779 22511 
23680 
28227 554 8268 25839 9606 7681 5397 7693 
10518 6115 24112 13895 

27242 31513 22147 26961 24166 13782 1149 
9628 21389 325 5021 11624 9130 
24934 5764 23122 
16002 19472 18133 356 29842 22802 14937 24896 
17571 22193 10569 11852 6069 
21711 29657 22911 11907 23371 
31345 12475 17950 
24559 19472 15563 15600 23690 6125 32672 29914 9265 

31489 4485 18203 21972 3661 185 32258 24968 
8956 30474 
11079 28705 1771 20228 17723 20317 
6861 8603 
315 25149 20507 15602 30048 32326 13495 31227 27879 
22213 19620 20789 3532 29425 
18735 13413 963 
27420 12726 

25845 5222 21656 
12430 22098 21267 3316 31679 24585 1454 27701 
8047 27756 
6252 3400 9939 27575 19407 
11355 4071 15074 24514 16280 19761 21230 2296 
24067 18721 13140 23016 16348 9022 16888 6226 
22640 16160 26251 21855 30340 