921 30409 

22315 30685 28245 11769 28105 
9386 7326 32563 550 12271 
20282 3202 19400 27016 8152 
27685 10697 2821 30556 15230 23032 
19 8291 21555 26856 3575 3688 3590 11927 28465 

16339 21339 4038 
1852 
9974 3316 
15576 16733 27299 30103 16225 2913 
23223 12569 31111 4998 23849 
22733 14934 29683 
24494 20776 13741 10146 8406 25986 30472 27914 23824 
21039 6234 
32732 22337 7586 8196 
13019 24772 30665 12781 
788 20953 8930 15809 30571 
2748 26392 23518 
28212 11076 1006 11057 16570 
27077 2630 4058 29404 23230 32374 
22035 4220 18806 29790 24892 22724 25816 22654 
19355 24178 12219 14488 9653 11744 3648 
22966 17066 25022 453 11418 22957 8021 
15321 14017 
27129 25127 7385 10692 10233 3239 

12114 26199 32191 16319 21732 28216 19899 22133 20048 
28052 
24930 10035 8153 25673 5976 7556 24133 12497 28898 
28373 
30232 23980 21040 23336 22721 9680 7352 11387 
7284 5564 10358 
19975 25698 25531 3775 13602 2279 
22931 17693 8089 6141 1767 11710 13962 16907 3601 
5570 5224 22159 25518 27388 21275 
25272 9832 8661 18467 7478 24060 23875 4464 
1181 24850 28464 18537 712 7583 29144 19074 
30367 31404 23200 23363 8082 26468 22815 1450 
1361 10079 28135 
18173 
30347 23121 

8945 9059 26619 
22856 1648 16640 509 15474 27958 
20769 2983 7683 32151 21346 
2579 2069 7046 8505 11220 1179 

24578 20335 13231 22896 
24970 12836 23714 6314 17778 
2914 30530 14072 31679 24868 12898 25862 29511 31241 
26030 11020 23799 4553 20031 
21969 17980 6532 25517 12064 109 
16664 12848 492 18142 23057 13612 31415 3936 
6379 184 
30138 16506 8173 1227 20470 23686 28955 13960 
17987 6499 23644 23934 8215 
18064 14756 25144 
6220 25802 16594 21832 30313 3673 6734 
13372 23425 

2298 32611 16590 13071 12306 6731 19434 31 
16817 20323 
1987 12299 14024 2962 18303 
6864 21469 31260 30535 29140 9620 16767 4263 17431 
2499 32030 21454 10273 14066 23091 
18406 21704 
14771 10442 29727 16993 3903 5637 24607 6727 
13711 32131 22562 23526 1953 
27836 13269 538 1312 8739 11119 14432 25333 
24503 26920 23360 30713 315 29603 1396 
9628 18190 2491 32008 22752 240 16037 28814 
15826 10218 9828 28672 
23717 32008 
28419 23754 24502 22260 17687 27295 28773 
10984 7408 21072 1970 25278 11815 12434 17565 9162 
5123 901 14028 8327 
4032 12348 22356 23737 5529 29560 21421 10415 13613 

2928 
24523 9802 
3146 20501 
31688 11010 16604 22748 26169 
15694 27860 3599 31589 21319 24503 
9924 10536 3733 26644 32483 4125 28474 25804 
20107 5726 31078 
6186 28023 20597 22365 19653 14746 14323 20498 
2291 17005 3403 
27170 
1749 3266 15765 2295 6791 14271 27913 
15220 
18490 5827 29186 
16504 11521 
11802 22051 16056 17136 17807 
23303 13960 
13159 14208 20041 19623 6870 32161 3028 8554 22910 
25998 21512 
29390 25341 31537 27717 18258 32476 
31397 3399 
18744 6679 28431 18062 21611 
8340 26364 12696 6991 4492 13025 31633 1023 
642 15840 29159 32749 18792 
21576 30516 
5574 586 1115 2798 8916 5104 
4159 18098 876 17784 25626 29629 8277 24029 
7636 29640 29591 19542 19004 23048 32703 24334 19206 
1530 31682 8897 23001 20639 6934 28749 1275 
17044 11228 7699 1895 4902 11236 9847 23906 
13423 
661 3532 29700 18911 2275 5406 

5719 25350 12791 3663 4454 
26011 23461 19113 14863 
11084 
8895 24719 22681 9740 26628 8049 20443 19439 26118 
3783 20826 185 5610 29861 2216 31415 13766 
1896 32193 
2074 26802 16113 27108 
4078 4981 32429 15883 27536 21828 7201 26781 11122 
20436 26933 13763 12281 15043 699 23089 
407 4914 
16614 24780 4083 
26141 12180 23657 
18377 28512 10583 20039 
6230 23215 14491 29947 18975 29404 23127 
30414 21989 18175 6855 4532 29250 21438 27702 22086 
1163 30919 1366 3007 16580 9399 4210 21438 4062 
24966 25220 23851 14943 18048 
15853 
21092 23294 1575 9406 20632 11365 22153 18099 8228 
7570 30960 5129 2432 29661 19844 21404 
7125 23853 21263 4779 14229 18382 14311 24445 3609 
19901 
19103 18390 26132 20594 2018 17871 
16088 4505 26165 18526 16047 21845 

18100 5197 26238 30636 26332 3801 1598 28494 
3583 
14216 20137 18798 29025 
29081 
12248 
4247 11748 2394 6280 15208 12679 19694 21842 
29293 21102 
31057 25472 4668 18658 9826 9396 
30034 30003 27356 
24821 30078 
4991 
16538 31870 
30889 10391 4264 5254 
12556 14917 2261 25085 22562 14145 
32408 14013 25539 16036 4849 12954 22178 
8753 18905 1160 5693 2827 
11965 9954 
32268 21525 13412 10172 19983 
31216 13557 
2690 
25423 3133 11288 288 27802 5532 25137 

21600 32666 27862 29999 3985 14434 15913 920 
10798 27597 32165 31178 24486 

10583 7262 5280 13820 27577 29915 
23665 16365 26223 
2872 10111 6527 24822 18767 5557 21287 10039 4570 
1615 18137 1553 28991 25532 21013 8313 3398 
25583 24822 17659 26044 


5409 25215 
26464 2514 21846 7967 21379 23515 6431 31004 
9013 1828 27974 17113 16625 6456 

31077 22820 2715 23263 26472 7252 24200 
20541 21798 24763 7289 2377 7694 18632 29438 9573 
14610 28544 20782 16851 13166 
5017 19756 12657 10891 11469 22562 
10715 4114 

14413 27121 24138 31881 3973 29017 
17894 3177 21713 26039 26553 15949 
2853 24036 21625 
10634 22374 31928 
10524 10726 27860 27520 14303 9483 5008 31660 2843 
32658 26355 27039 27467 2680 

13141 20869 32089 26057 28917 2142 
25266 8568 
2099 22624 
15775 6722 
8007 1494 11061 23511 7176 23371 18677 2331 19984 
32185 13429 1175 26260 12880 16989 9422 21186 
7610 11676 27459 
11029 
24594 26460 28664 8091 5719 17056 19328 19375 
25401 
11145 25467 22516 24422 8669 26721 
23818 26094 10574 16800 9633 
32182 23532 28832 6547 8184 26692 26918 28137 32188 

3176 10993 16879 
29859 1681 
8801 3761 14326 5291 
12125 2162 6782 20676 12522 26070 21375 16882 
1719 32355 8086 24614 926 6628 23127 

30496 32451 24864 14553 25510 21617 28663 
26632 29451 31334 27480 2899 8122 6799 
18455 29922 9424 1997 23617 24159 17218 19617 
10935 4196 18206 12355 4496 6963 29288 15122 
2281 10103 223 16905 6651 22200 20488 25629 
25829 10016 26406 11110 18299 2599 9670 9806 
19660 2301 11325 31360 27211 
19462 11265 13381 8206 2298 2469 14852 
31225 24311 24089 24177 24734 16659 28688 12502 28976 
14627 17614 22562 16769 1274 27245 13713 32382 14479 
5944 28804 9261 16167 6764 26571 27735 32729 11049 
1842 1317 25586 17642 3085 17743 31955 6448 14223 

24757 3630 11729 12503 7819 18703 31658 163 
14778 29157 2417 6707 11132 23967 
15581 2038 21340 19996 4997 10842 7313 4831 5888 
26076 
9649 6060 20337 
16845 6506 12747 6763 4885 20199 24443 16583 
6899 26421 30925 6437 
14919 18629 8985 29906 11085 2531 11474 
19015 47 12195 324 10954 16504 8156 25322 2056 
1673 18333 8881 

10503 11758 4566 11052 32471 
440 27211 2769 15214 21697 30449 21254 22740 30335 
30830 9539 25400 7525 21932 7258 5167 15007 23002 
14501 
225