438 1289 10222 


2271 29635 14829 30509 24679 7184 
21324 16167 19740 7483 
10471 24939 29534 12211 18293 
6385 4875 14800 
14479 14169 14917 8522 
25968 
30127 28755 719 8567 16748 22120 
7456 12886 11311 27616 
9370 
19573 10433 7335 8318 27835 8647 18806 9061 30561 
18905 32181 
4824 23621 

6000 28817 20004 11357 16737 

13529 5885 22160 17738 15836 18515 22920 411 862 
3440 27266 13302 673 
25994 20931 29481 8729 11411 3601 3349 26100 

1438 29462 
2368 974 23254 13945 31202 3094 10877 30800 
19441 23360 27625 9655 13610 29327 
826 4520 17853 8130 32502 21048 23472 
2961 26374 23642 21670 
30679 30908 14604 30883 19284 8831 29438 14970 
21255 8055 21469 2373 11851 23233 
11322 13779 13470 11593 6209 24588 26482 
19558 27849 35 32277 16214 26490 9712 25408 9993 
16832 
31075 22661 13765 17045 28929 3428 22701 20983 15414 
26084 28073 4157 
23496 24419 
25519 1473 19727 16121 26872 29693 9558 22604 
29255 
2581 28414 3015 19474 15416 
15583 
17119 24260 13271 28415 19406 27264 32264 27442 9619 
12422 12410 

4178 10795 
16839 9632 16601 29228 13379 
32283 
13348 18902 11877 1663 5224 

8027 19073 
9668 8518 1863 
8192 30213 20152 13090 6658 12774 32657 
26052 17502 31726 28017 21991 21529 14359 29608 7286 
15261 31302 9041 20105 
22702 13343 
26319 8298 14948 6090 26075 7856 18535 1470 2599 
8145 
3211 32457 27874 31899 22396 7501 23034 
32000 3953 23546 195 3873 
12824 18981 26082 
17576 8527 19898 1002 970 29680 17821 32529 
28735 
14383 13842 1406 11365 21883 
11610 
24900 19653 21810 29771 9351 
6849 6149 1373 11733 13345 
12619 15154 
14023 29980 2842 128 29411 13613 
1652 23125 14099 29258 28279 21582 1210 
6791 
4288 26635 12306 7081 8968 5171 22813 
23543 19111 12774 9641 
31268 2665 1334 14253 22406 17185 23656 13271 1290 

21741 10321 1721 27573 14400 30722 22366 31451 27720 
27029 27206 9414 26428 
23032 12315 30445 26331 21641 31819 
2118 
225 28594 17748 
17790 1582 20370 2181 28249 6436 
13454 31007 26208 
22721 
5185 27577 27096 2162 3556 562 20407 
31891 7458 12225 
3863 24407 22234 
16029 26975 25403 

5074 25341 20828 7289 24437 4507 25546 28817 21682 
6292 7621 31830 9233 1296 5472 
3722 6640 24910 
8722 115 15173 27318 25653 
30307 26918 28816 
1403 21770 10873 30161 1383 15164 
6010 23694 5364 22284 31116 22100 13512 29571 
3545 18429 15319 22379 22068 12471 31165 27294 13712 
29539 2614 26919 7995 32186 22031 11122 27077 11570 
1785 23303 25777 18051 22768 
17233 7804 838 2216 2319 29809 15561 15372 
24227 22778 15789 11042 22769 20940 21217 24405 908 
20231 

30998 14858 26266 17109 12402 11147 20922 18096 28397 
12540 11815 1112 17606 18725 13127 2658 20850 
13548 12657 7726 29839 
3187 
23963 32089 
18468 27785 18153 11012 11368 6440 10459 32319 
21352 22239 
28667 18777 30715 9382 8788 22020 9629 490 
10588 4636 9147 21475 1075 
7293 4182 
23047 15092 1400 
24592 30163 1295 23518 2026 11327 
25877 23483 23496 14854 4331 23681 7524 16880 
7997 
8288 12569 24828 24241 29774 22194 31522 12897 13332 
11277 
12631 21212 8765 27705 
8406 29801 
23771 
12880 

13050 27972 9955 14464 1613 25676 

22822 2163 15953 31079 
31421 17688 
21331 31791 11274 19776 
14267 27751 4677 8883 7585 30056 10101 7738 
24474 13074 1159 28543 4109 32099 32394 19543 
20588 30202 32093 30542 14221 17044 
13320 62 32326 18707 2094 8590 11621 
9416 22122 32656 18335 21651 3308 32403 29726 25285 
31316 
14186 18401 17279 26570 
18437 158 14829 11397 28747 22657 32221 14438 20714 

12580 27750 15719 25699 20166 14877 28384 21979 


21539 23775 23875 2895 
15960 9116 28374 24722 5102 8462 9001 6431 22792 
9222 5284 19046 366 1463 19367 30274 5112 14577 
29836 21030 28161 5299 6323 12304 29192 7966 
12670 28261 26128 20069 19171 12859 17687 10304 11334 


14749 11108 29050 1116 18212 11496 26661 
3334 3087 21083 23152 29246 20340 
8335 11639 6217 7082 

9157 29526 18045 24154 1966 22812 30546 
10672 8247 14060 27950 30738 28587 
8432 6463 14307 
29187 12948 19745 13447 
19483 10983 15487 

32174 12825 13026 19591 21370 
6749 21824 24031 1678 2038 13923 21919 26286 20569 
2186 22821 12963 7307 10085 26145 
30599 20441 14976 
13761 
4976 19850 15370 23790 6944 30066 16581 22625 21750 
5567 27450 
29739 15079 14777 19599 30261 10012 12012 18416 
7102 4323 20735 15577 26119 23643 26432 
25280 20236 13124 26071 5242 3553 24686 
17450 22652 14461 20471 26264 11946 
17531 32465 20119 23204 1189 29385 840 9213 

15436 22712 12883 7941 2091 25757 4717 19971 24400 
10597 17090 21802 22451 16267 31582 5542 24287 
9682 6854 24490 19009 5518 8890 31146 16067 5142 
6102 
18914 
13417 25471 23438 31911 27859 8036 3805 
4141 1339 3293 11463 19907 20265 13166 
15131 28726 4934 
23726 24481 
21143 
12139 19260 30769 
7434 10827 19791 9702 
9177 14414 18806 32646 22806 
25375 3935 9741 17255 8330 22838 3831 
3229 18756 11596 3378 25948 
24527 14698 4017 25758 27499 29505 22905 20393 7658 
30175 10195 15465 11204 31447 20120 
17809 17268 6349 26437 1457 12584 31048 8990 
32113 14506 
26938 7605 31273 16259 
7705 15572 17019 22074 8407 4656 3955 19085 
27317 18510 7832 9642 19029 5923 8967 
18565 6872 32261 31960 20943 
6941 19749 
15896 17180 
19290 8130 2489 24667 6038 10975 19949 2733 
23101 28512 
29690 17556 105 32660 19918 15321 20141 32246 

23167 2348 24174 12723 31401 4633 13085 15155 

10717 3333 
16651 18925 7253 13800 20076 17139 4251 23401 27613 

26251 26633 11251 27157 7974 8211 18285 31625 1674 
21829 19099 16809 21245 29255 11784 14201 
9940 13626 
9290 344 21288 4031 31986 31047 23983 9239 7194 
20759 17758 17128 
25657 6017 10573 6785 15738 14618 25466 3014 
441 7367 30518 6374 10995 24057 3173 16627 10262 
25865 28780 25009 23863 
13782 
1022 21367 
31362 7296 19663 24114 
14344 11075 30507 22202 27835 6096 29638 
26951 27515 4981 30644 32169 27109 15114 
28225 29782 30195 23615 11776 8046 
30811 
20042 31935 26631 18697 1659 9340 1764 6112 12222 

9753 28695 9334 16862 
25512 24198 16951 11647 
13229 13587 9186 2805 
17613 3967 27468 27937 18646 32731 
9299 20075 2566 7597 30491 4314 24253 
13000 31703 

31811 12334 9513 11003 32334 
8524 3868 4973 6701 13675 
21551 4597 
20781 308 1004 493 3007 
17961 17407 15269 31349 21403 
3107 28194 13830 22388 13038 18384 12145 11830 31445 
17209 26303 4416 13589 
30264 2081 
20627 
12898 24391 26033 2231 11657 14411 
639 6800 6718 31227 1738 24073 9012 18901 28594 
18937 12283 8853 26492 3492 14277 
25109 1485 31886 31456 2890 16538 32574 20788 
12925 16733 25080 3828 
25076 30527 
14668 25219 
20784 12953 24319 19841 28086 24366 27553 6287 27199 
2332 17674 11337 
14791 21940 
22740 18528 19807 12551 
7768 25776 27173 21223 23257 2177 1092 
15071 12654 13844 30162 26561 
2376 2536 69