55 31030 

31781 3269 5146 18743 17398 25387 20580 24765 19615 
3166 10307 838 32135 13857 20426 31281 11782 19728 
4929 4593 967 7201 28977 31476 18989 31524 31894 
10221 30651 6391 
12557 26662 12064 24042 13301 
17010 19182 24668 28688 16034 5231 4776 1923 
24790 10358 198 24345 4577 26602 26388 
7843 
8333 7221 6896 14562 8652 25581 6469 14147 5464 
19336 29325 18293 27939 12113 10309 29526 

19761 29363 
5045 
9314 
23672 22721 

31404 26698 24801 31052 11039 3558 14044 26384 2536 
4424 18597 28656 31957 14914 28470 31847 20801 

15519 10615 19350 3366 23959 
8317 5320 25305 14715 20629 
19668 8121 12301 16369 27844 25312 
3320 29167 5299 
3777 20998 15258 
26681 9258 28932 30764 13597 
18019 17804 31023 13800 18919 
2717 27070 
4625 16484 2774 4852 2435 2749 3842 3407 17501 

29406 30286 7472 27982 17503 15976 
12238 9955 8971 12395 
28783 
12182 10593 17228 24253 26029 31487 3987 8613 

20847 29902 13652 
633 
29911 24996 1215 18589 29321 327 4876 
27252 29116 2661 31916 8233 32321 25694 28755 27940 
406 20121 10173 30192 25269 
32185 10603 
17759 32306 16025 26057 10125 7115 24394 29818 
9619 24917 13867 
18703 4943 14035 22967 
23900 23905 16537 7402 26407 20934 16647 26476 
17911 29509 25727 
27274 5652 918 28910 7026 23993 13653 178 
32029 11141 12774 184 20676 8270 29460 23464 
28394 23238 32363 21947 549 26871 
25635 28302 27138 17589 18387 3343 26483 
13612 31368 1595 19005 8575 16685 11780 10177 
30742 32396 14543 21943 26771 3254 

12386 10250 18525 
7318 28569 21876 16301 1132 24965 31387 27501 
19897 

29585 23661 390 3039 4933 21201 20819 21277 6251 


25331 28790 30279 23554 13577 6467 
100 18929 8212 6441 24204 20398 22377 17917 26411 
6029 21255 4880 7123 22234 8947 
28595 30578 2467 23645 28040 14213 12311 14981 

5291 5626 22331 26512 9880 26871 17341 25366 

5204 13860 5728 11405 25579 
3044 17194 972 25450 17786 23938 
2753 12367 12309 25319 14082 7652 8028 
27989 4778 
16990 15875 17430 8038 8045 12396 16646 223 
15537 
28517 
27129 3688 25416 14280 
18310 21732 26998 17685 1277 3486 10447 11863 30287 
9494 19273 12504 
15836 14740 10868 24464 7789 9309 26438 9447 
3216 29333 8493 10169 
10825 
12889 3674 15450 29530 14188 

11343 3822 
25923 20002 20027 5502 3447 3506 11177 746 
32166 11751 11239 25436 16217 28660 15680 13830 
27546 20886 23181 24966 10378 7912 10132 3005 16368 
1299 23132 25886 18550 28551 14612 29143 28977 
29878 5612 23393 17396 
29768 10092 24915 16448 
8791 14543 13002 494 14122 18466 
26342 6434 9985 
816 27490 8343 18107 24479 30438 656 18294 5128 
6634 29810 30992 7516 6697 5782 27282 
1919 21749 19106 1761 14690 27205 

22748 1325 22137 21659 9985 
30377 4622 31198 27740 18827 56 70 10434 

15929 20278 4594 
10895 19500 28886 
20354 26241 22087 31032 30483 5021 19994 4780 

18595 21549 31254 30056 3661 6250 32266 
2651 24617 17488 5030 5490 29992 15589 27032 
25605 16524 20660 6613 6913 2602 30509 
14317 25507 28609 5419 
7973 
16884 13092 16160 3465 
3521 5077 15794 3181 23986 22977 13552 
23169 2803 26231 9166 25874 15504 15306 28092 31608 
3875 28781 14696 
7262 29781 14179 21615 25709 23272 25946 
9010 26038 6450 
10874 13780 5745 29073 9620 15634 32641 8770 14962 
20178 26595 2923 9756 7585 23181 25564 14990 
8430 
25206 16646 
28280 9762 1424 23218 24576 20160 
13667 1495 
32422 19907 
17128 18627 10799 9884 25425 
11291 24749 9670 987 9698 18918 20759 
23974 30114 7975 29859 10499 12727 65 11171 3470 
28772 14891 32558 22528 31668 32593 23201 12444 24250 
27947 22342 20005 1791 28377 6397 
13028 20845 27845 3642 3552 5440 16905 4297 
30277 27282 
31519 15832 16601 2534 405 
18751 28454 
28693 31200 28358 9679 15013 17530 
14977 6283 
3416 12979 10076 15572 16214 16825 29499 
22898 27251 12447 17026 29323 
23403 3076 3887 22369 24218 25501 4244 26362 21849 
32001 1925 20548 12894 
14451 5019 20618 19468 20850 
3940 31788 17129 1645 4526 19243 
16175 12363 19223 26632 3944 10393 1564 10103 637 
24575 
16763 5972 
15594 22612 13114 10204 29376 
3097 19213 31069 27364 
5848 27538 21390 
6627 
3988 23379 16432 16402 28711 17007 6905 30460 
11323 25919 9124 
7473 13718 3837 5477 12245 
14027 19329 4799 28735 29673 19521 
9960 30740 1657 6324 1970 18137 2801 26741 
31922 5449 11146 
14993 17515 
17446 20961 4114 8046 8386 
10513 8497 12906 27989 
26269 2916 25225 17960 7521 22421 12175 
26689 7149 9518 6135 26437 32334 18217 28491 21199 
19462 19094 32569 12114 24293 12896 27501 31963 10977 
1306 9478 16313 7159 9597 15019 
10121 14962 14763 8138 17156 27402 
25684 25266 17156 30100 638 16627 7507 25155 
31978 27626 3493 22008 
24757 
27517 4637 12756 30088 
24767 12736 
14874 1487 28776 29836 18903 541 30369 19904 
2043 3346 
32164 
13587 3030 12761 22476 5978 16736 
16368 24335 26521 7829 30569 16490 
9626 17383 4876 4196 
3952 11559 26155 12119 32686 10417 6813 28953 
17796 25545 11031 32438 28782 31810 
9043 18005 1835 7997 5437 23282 19646 
4444 15989 5777 18634 30594 12250 10355 
12674 32548 21960 32253 1505 6513 

2958 20248 
18290 10152 14976 19433 21600 10470 

31894 25226 2558 14496 8331 10613 18246 28008 29210 
13849 15432 
11632 17002 23985 13528 
4404 9316 24376 994 
11150 3859 25318 
17989 25683 8988 
3774 24369 18817 18867 
31832 31366 9071 30432 6488 1876 8397 29450 19343 
24223 7417 17834 13635 
28765 2194 24767 17927 11375 
1355 5001 2699 27984 19534 8016 21660 32304 2902 

4980 
26885 30119 16025 23150 30590 
18653 12945 27946 29546 

5315 13901 263 30907 23668 29646 32394 7793 
1941 31083 5993 28804 32467 
23147 19073 
29052 7590 2409 26556 2650 17117 18991 
15918 
26063 31395 5897 2580 
23880 11488 
32226 12848 29482 67 
16350 
27895 29117 
31770 13195 30610 16402 
25895 4418 7831 27958 1040 
31548 20642 18334 3423 30183 
29176 26459 17728 6965 21377 24956 10790 24040 
20511 10333 5428 
24058 23626 
3422 
18836 17376 23347 7406 28084 32215 27529 1479 20687 
22377 13179 25458 22588 2669 

3773 10871 31170 17500 1811 7704 
1193 6733 24654 18415 7893 29445 29437 17222 24006 
30319 7025 11069 18672 9018 

29222 18887 20257 
13234 
23855 19575 19825 16713 24458 3164 2184 19278 7316 
31224 11478 6213 32135 17245 7784 
4188 14984 14105 19981 
17532 16807 31023 
20700 21614 6603 
6400 
3794 10985 


26207 8865 12043 
28012 3418 19767 27115 26075 4909 2127 12586 
15453 6179 
8635 6407 9653 4952 2292 
14248 3769 
30902 8477 5790 1116 14155 22482 21255 4922 25873 
16110 13908 25623 21250 13406 4135 4763 10751 18349 
25859 
1059 7870 30932 22585 8639 9428 
12003 
24213 18846 16555 13681 18741 25424 13224 

26668 16190 12229 15836 17899 20125 9599 29164 29849 
25687 
21996 
7791 15769 
6213 28834 7875 10821 9757 26711 26072 27037 
11811 7647 22632 16378 14220