1 15560 
1985 18873 9497 
16146 20617 30708 
12802 9052 9554 25392 27619 5262 12162 8354 
14763 12114 20393 7535 3432 
2502 26516 22264 15478 3823 9120 24913 6979 
19836 17006 27177 24603 15235 20246 23178 16125 23108 

6741 931 26574 9042 29556 22010 16533 4037 26588 
29307 9826 30727 5362 
18952 31091 
20140 

25685 7886 1767 24548 
19896 7150 17653 27162 3894 
32710 22701 32645 4958 7685 29844 14642 9694 20450 
24552 
17555 16530 24613 21584 32372 
26540 25062 22213 17811 25129 2223 
22662 1102 18239 10410 

5397 19009 11824 30050 
5103 14289 2501 
4714 5083 15468 3573 24423 32247 4477 17211 3365 
32517 22958 24849 16322 25480 4330 32187 16115 24263 
13037 32465 24188 13881 31428 30227 27692 
32057 26306 27173 
8851 8639 16321 7799 8498 25341 28129 
27174 29714 21720 21216 
13382 24926 30779 9029 2159 20413 14253 29811 
27053 30394 22719 8673 27172 28907 32725 10154 15202 
2029 
21775 30770 16332 
31364 11695 23397 27434 

32705 28574 4805 28871 18153 30902 5797 15574 
2604 24108 10033 15955 31930 8882 
14556 
7525 3145 13063 8147 

21579 
11915 18700 27698 31201 13077 10846 5330 1732 24806 
31980 27637 19955 11990 
13107 22869 27767 7710 
22633 24253 31438 7353 19449 21391 22138 
27991 27797 14979 29380 15127 6107 26310 
19544 15535 
12204 25176 1520 929 20048 6146 26546 24810 
13619 22360 22777 25506 19301 4354 23152 
15538 20007 31531 25465 23658 29487 9275 14980 

12957 24982 23522 25236 637 3715 18499 18052 15445 
22478 16523 6254 6492 
28407 8659 22880 24663 7596 2516 23810 
17958 2652 15124 8050 3753 31466 6748 
11767 20476 10706 
11847 27350 15432 21997 27582 14832 
14002 24919 14177 19193 9858 9945 9154 
29963 12433 1942 4230 
21265 12457 21411 11244 17203 2140 26880 3905 
19359 26335 27013 16770 21827 17461 
4165 15525 7914 14124 14915 
21346 27195 28763 2333 22181 28165 

32382 15660 13402 
28842 24291 7810 30834 11162 11959 4227 4301 5720 
10286 2575 28416 2600 230 

25950 5781 17370 9058 
30108 2091 
2615 11508 
3475 18741 
6652 
29674 16860 21661 19358 
8533 29710 
28736 2852 2903 
28153 11243 30575 6708 
3816 17971 20078 19141 29213 30413 
11575 2717 2069 20061 21979 
2343 6648 285 7120 10686 560 14042 9675 

7331 10394 9753 23085 25041 29248 
31539 25798 12100 
791 
30252 17295 29087 14673 353 13095 25373 14649 31728 
18134 
5230 27838 15891 27412 10082 19954 
4957 25854 4003 20115 20876 27823 27472 24068 24607 
3649 29340 
9358 166 
19049 16358 
27229 2408 6254 5077 17637 15046 8763 
13491 27125 26763 2826 29615 30067 
16994 20154 10717 6337 
21918 6724 1860 10127 22718 24391 13364 23158 
24489 24362 25521 2043 8238 22041 
19055 17957 12970 29709 2194 26190 19065 31348 30313 
12324 5898 18127 22648 25893 
24468 31006 12381 23444 32377 17193 
28705 15187 
17108 32256 16115 20358 10078 
1392 11697 25231 23096 
18262 4927 5216 22562 12513 9858 10379 
8149 1085 24774 3286 20791 32398 21623 
25295 5139 28064 16127 5586 10240 
19685 
25813 2067 
29602 18937 4887 
21698 18156 16190 15312 3068 
13872 9379 21472 
20166 21098 27571 29500 
25071 5776 29906 9985 25563 26323 

21841 18047 22290 5004 21992 819 15615 7255 13442 
4772 1316 5694 26537 18590 11272 28981 20561 13710 
16022 9864 25302 27101 18170 
26838 25252 9928 
26740 8901 25368 22258 12006 13916 556 8024 
13990 20319 9963 
10886 32145 19487 9600 10093 2658 10326 12129 


1460 11261 5510 8800 28493 14337 24822 

17759 31779 
8869 10627 
18492 6103 21831 21631 1042 30897 25893 
2313 16750 20883 5558 
13990 2524 28663 
23032 17387 2912 
15295 14522 
12187 

13915 9673 27199 28922 23323 27049 29094 
14026 8731 7072 
23927 14971 2460 4527 5728 14657 
14852 4998 20040 2917 14533 19136 8089 
1339 4432 16683 8216 
13798 14176 12678 23425 29685 23966 28076 15572 8454 
9279 25199 5315 4150 26535 2400 12636 18402 
18169 3514 17387 32440 1651 4887 
16685 1362 27886 10370 6352 
21784 
9686 
14863 19953 4152 247 4669 8079 6959 
30939 114 23014 7508 6224 27561 
25219 3134 27312 

17904 4249 
624 15873 26048 10873 29239 9679 26779 20324 
25683 2797 27534 18294 12719 

31248 28050 
23757 18746 203 12607 23595 
5155 12721 29907 31325 1294 
26132 18699 8533 4367 
13324 15303 7631 3698 27783 5096 7973 
12465 24243 
16709 11532 
12253 1282 20308 7620 
12092 4376 20443 14718 
15867 27039 30261 6094 4158 22633 29494 
17379 861 
17841 9422 26621 20609 25422 17320 
20485 11572 16995 2598 
14231 7802 26972 6791 19735 17284 16981 30240 
30398 18267 15113 30385 170 20656 28990 24209 9860 
27688 23703 19929 4863 
21733 
24868 13828 28731 15765 15644 4710 31436 
31740 
24328 16692 
15074 19412 
19358 8590 6510 5148 27161 7754 
30210 3558 197 
13514 31416 27370 21211 21411 32637 5453 6266 
7483 
30371 24876 20719 6828 14138 
22030 22320 5995 12761 19664 70 1770 28311 7849 
400 5445 4165 17377 6797 13522 27081 3283 31938 
20931 31124 950 16762 22324 17756 21890 
29615 9698 15614 25203 
809 6985 

4867 21437 15860 
13957 28366 13644 19702 26431 30398 25405 
14608 2391 22074 12934 
26917 4365 2852 3938 
7794 29940 23409 4684 17396 
28443 31718 25625 25409 17538 24135 5828 15814 16162 
17031 13075 15152 
23180 12761 9891 7490 22635 5443 422 24854 6190 

10444 10707 
18614 
19832 7913 26440 18994 14482 7232 
10505 11703 18791 10806 18585 25771 18723 21413 11545 
11442 30154 10597 10147 
22724 12410 13826 23757 6435 26141 2047 
31544 15057 3457 12114 22629 
15465 8303 24286 22787 
26704 7299 30506 4305 15890 8802 
19579 24762 27235 18931 
14351 4417 32431 7966 8081 2906 26001 
4635 19148 21342 22333 31644 28725 15197 1844 27716 
18031 17653 19690 20769 31771 25166 32328 13153 15053 
30497 7688 18983 29775 2744 14950 15295 
29360 14968 15083 15482 4952 6 
15735 20481 5571 18966 32672 4402 
14710 30002 19987 19236 
4840 26330 4624 5758 21241 23301 16095 20544 
16709 22812 26211 30095 10044 27981 30586 
18177 10048 5118 13256 10736 21759 14578 12453 17016 
9428 1772 6100 

11976 
3016 8119 20077 24493 27665 30840 5786 
8229 24853 18994 16007 6975 
32625 21573 
328 13694 6672 10507 18787 9262 

24564 12813 9593 18730 3261 24767 12323 19293 
7953 17191 23900 22738 253 7264 31057 17954 7987 

24509 1569 27875 22128 30802 28488 25479 
15883 23116 28687 28615 29477 5296 16261 
31007 3442 26612 18605 30113 
29712 23202 27084 
27662 11610 
3756 21090 17604 
31370 32676 1283 11059 22762 632 
24564 19326 31390 22281 14317 
9257 12481 25878 
30150 17420 10208 1135 8178 23361 11264 13915 8711 
11150 30775 26780 29986 7722 31781 6151 12409 2117 
425 9548 
22292 31212 
3634 7430 12099 30941 13933 23769 24129 
26367 10600 27772 32154 
4248 6032 6721 15187 
26418 9563 3961 25448 26084 25867 29553 



6392 26489 21395 

30323 32431 12113 2658 15438 23183