119 
32167 25263 22100 11595 12923 
25597 2024 10147 30486 26280 9220 8267 
24322 
13297 11374 8295 1968 13857 28624 18350 9296 
28978 5924 30190 30808 
11231 19808 23719 25209 
23154 
7387 8768 7554 
24669 1897 12192 26492 11896 
7966 
9664 1529 18513 26414 12080 30985 20119 10589 

21290 28261 13214 
2591 2131 1492 20468 13573 3531 14356 21996 6652 
20530 
16225 9752 2831 
6771 
4494 
31905 16090 29858 24765 15176 3290 
2647 27023 26121 2640 15568 10939 27051 5934 28907 
22837 19943 3585 9453 23100 21450 
9539 
4137 2610 1513 6951 
15611 13739 

32451 15000 31937 
4621 16899 22745 9457 1517 16361 26577 
13649 31340 31033 7041 17200 6478 
693 23509 11303 18778 18599 799 5400 25137 1294 
6988 9790 28870 3213 2545 20750 11573 

3426 
12960 16550 31917 
23823 
25187 28886 30151 25661 28958 4746 19517 
30812 2040 17921 6203 29242 20576 
16174 3497 26186 
24599 13851 24668 25813 
27000 22210 24182 
12661 7950 3058 27381 2667 5056 22406 8319 30619 
21945 30268 3965 
8069 1919 25207 
20837 29055 21747 15184 6733 16583 22058 2444 26312 
7311 
581 
20476 12351 32058 
22915 18825 20893 16116 10918 
22221 
30488 
32021 
23494 
9016 27544 21354 1610 
5479 11107 9028 
6681 32561 6822 
12307 26366 21374 
8809 9960 372 8004 21588 831 8351 
5035 31877 6178 29223 30133 26650 9608 4242 
17243 19592 5917 526 
14079 16823 2644 9157 31990 11985 19433 25247 
22678 27279 28112 30525 
17725 16074 25804 6205 30039 18242 
17700 24520 
26470 30231 3110 7485 
6695 7550 17850 29612 14111 24906 26104 9848 
15751 11156 4087 21075 31110 19623 7161 4762 
12134 28088 
4652 16027 16552 27481 21781 
5261 24968 
7246 1362 27311 9084 
20739 
14770 25379 11399 25944 3039 
31347 9412 22981 9763 21394 
24132 22971 
25196 13431 11208 26233 4696 30548 
27524 15067 11769 17366 13397 
10879 
21723 9407 6177 23703 31566 
7375 29917 25597 1049 2342 11905 
5491 18039 15638 646 
25189 
29907 
30971 18315 3610 
2534 24727 32105 7280 4704 1678 
20703 26663 879 
21661 
9022 20592 3991 15984 14202 25662 14667 5879 
13582 24715 20765 571 1128 

8579 13250 16318 21318 10427 19341 12895 
3885 26222 27966 9115 10719 9781 
13343 32105 12746 100 17506 15694 3219 

29403 17801 15222 
16640 32084 13988 709 
21885 8976 11006 7328 29008 28864 21087 7168 24028 

11173 30810 7513 
19780 27576 4761 14418 14451 5805 

28102 29471 14716 6845 30211 25329 
13258 16888 7647 12301 16384 
28324 30141 19664 8081 

18100 21531 28156 
16487 
4722 8210 11635 26072 30745 20339 13546 
16546 21287 22908 31744 2425 990 28804 28092 22205 
3064 413 162 18231 9297 
11491 6878 9745 25871 20199 14491 1660 26454 
7894 445 19105 
22249 28705 3034 14448 
15464 23525 19116 31368 8704 17839 

19719 
8328 23278 23803 8569 19013 32767 
24669 15185 19922 7584 30922 17484 31342 24514 20763 
28616 26730 12115 
28317 9089 4072 32638 16650 
20751 26556 4812 4025 26909 
21235 32528 9417 14088 9505 21970 
12122 23807 5643 18289 23111 11362 28913 2109 

31841 25681 7739 15208 11744 467 23907 5650 
10446 1444 26445 
8263 10513 16639 
18597 32619 20601 27007 12758 27001 6917 8159 
21003 4366 27791 21100 20927 
12991 20298 1431 
18075 438 360 31016 27245 17520 
13201 2478 3638 10753 21626 7867 
10713 30630 24080 581 14625 22747 14404 32553 
29474 26690 18169 
25962 17836 15145 433 10800 
29230 
9289 26084 3921 


19442 3878 9493 6028 7998 
31321 7163 13221 5716 31073 22954 17265 23168 
23718 14847 9388 15518 13764 
7263 12872 15284 25610 25934 
25886 6823 29863 4121 24122 16517 
21483 1491 27782 29299 417 1198 30299 27751 
8742 31105 13800 18544 14851 20720 
841 
22177 
11057 20270 667 6918 
31296 15676 
192 21686 9533 2089 24647 24218 20814 4748 11850 
27317 9126 
22790 
7456 18253 9816 29706 24715 18725 
6360 9111 7154 14466 5389 
27776 27402 
14297 2045 3192 16808 2897 9333 2885 
9454 10036 23031 2615 12476 9065 24921 16958 
18186 30348 30836 5870 6293 30396 
10604 
20547 31637 
4638 1183 3990 30644 26649 83 2592 18032 
22552 
28609 7256 
29119 19023 6364 19177 
4419 25057 12385 

15430 11057 
4140 30802 27574 3553 17190 10299 
23720 8299 3427 27149 6078 
8707 
20699 2752 19569 12240 15666 
21877 6675 28607 27215 2854 7274 6435 28388 19548 
21466 18548 20509 18829 29597 31834 8228 16337 28423 
24092 8054 
17756 19100 31878 30812 561 3278 12092 
22676 6077 7679 25322 31984 2461 
15332 13324 14580 22640 
27212 11476 14263 31917 606 
26092 6048 5112 13515 
14342 14886 19816 452 
27491 18542 26556 5594 14570 5670 18518 3961 
26887 21174 26982 13713 22813 3581 59 21355 
26889 

28361 25592 20277 10330 24624 32699 3909 593 19632 
12664 24808 23188 16721 18059 
1245 25017 22546 12959 
21094 11283 19173 7413 
32580 447 9716 28915 5615 
7192 6497 18952 4497 24146 1873 25352 9861 239 
1413 4286 24296 1186 21232 6504 3864 
9460 8143 620 11293 
25948 9078 
20448 8054 12237 23332 18680 9970 31681 26700 26683 
22386 8035 22138 26830 12111 29 7570 
19897 
27689 
9185 15968 19796 26210 17335 16788 

17804 702 18177 18460 10898 24507 4412 
28452 11448 30287 

5086 142 7697 30583 26220 31792 
24015 

17998 23350 14172 
27289 31736 27661 23678 
14124 22879 7526 7180 24613 
20636 19674 
10710 8629 
14219 6778 28096 2550 1674 3647 15 
2746 24197 5605 
2899 5915 10644 24409 
14780 4712 7931 2944 12835 16157 18458 
28735 20809 
10056 29385 
19731 9307 
12794 5384 19686 8186 32140 10472 21384 3528 28302 
19384 13037 29717 18803 20441 14426 12682 
28204 9850 16397 15213 6667 
4322 4163 16499 19043 24576 12707 18724 
12437 8742 30824 

25319 23575 27580 15230 

15800 628 
9251 10488 26467 13228 
4113 25634 13196 23800 11825 7660 32134 
20675 18616 22340 
25350 18341 10697 30274 6764 26584 18181 
23866 
7312 14401 13203 5981 25018 3280 
18875 
30838 4240 32248 
29889 25904 17380 19535 129 
26679 10628 
13882 13784 3291 5170 26998 28200 
6272 11474 13666 
25103 25549 25516 19478 21347 3695 17102 
27329 17522 13837 14927 15736 18701 9030 
2244 32701 20966 
5765 1067 10936 
25762 27499 

29874 23089 22483 29173 3812 19421 
20138 11515 6239 
10717 29490 164 8839 31231 2630 10165 30920 

4436 10146 10097 710 20835 23993 8568 
26450 30977 18536 14063 
24368 26367 30767 
2272 26991 4725 27637 
4079 5407 19840 9855 3829 4106 4258 
20073 26560 2727 6632 22611 14392 30079 28658 
4528 26438 12674 23441 
5652 124 
4166 4173 18599 25056 31187 
9051 12606 27318 2495 2509 
11771 24029 48 29447 
30367 
20711 1083 30876 21939 1228 2928 32433 
842 4086 
6231 7895 28794 1089 24842 25620 1047 9141 27751 
8363 17696 21955 9237 27424 7034 29035 
26116 12918 25789 
15106 16079 7742 10190 25467 16836 14626 3863 20720 
7170 27924 27097 
23453 17732 31074 16307 5792 4309 14741 6489 10553 
18364 15603 31963 14491 917 20015 2926 
1774 1289 9807 10782 9012 11553 
20593 
17