85 8454 6092 28092 24977 11808 
18412 22480 9379 25853 16511 28362 10008 18722 
17067 4331 30064 11033 9411 14765 11579 2648 

4080 

15409 17053 30409 3946 4142 30261 4686 32258 13680 
9996 14563 24620 27837 6790 26986 12649 
25430 23844 8836 
24347 8376 4173 25892 
28046 11185 3634 4785 22560 20676 
25038 12822 29363 32571 1977 
17722 28797 18123 19901 26273 4446 15724 
24340 
27075 13836 2763 12448 22907 19088 
12987 18930 23874 19788 26951 24970 12333 1349 
1537 27964 4846 25274 17481 7376 22791 3704 
1295 7426 2150 3660 18176 21153 
21868 22686 9264 24361 15541 4515 3758 

18540 24894 22823 13360 18292 

3580 16935 12666 18460 23939 
22535 18274 6992 9825 
16752 9331 
20283 20810 27690 30484 23206 26974 11917 11887 8476 
17836 18744 4786 
30787 9181 
18176 21703 1465 
1252 17553 

20439 17242 27056 
6374 

965 
12344 15702 4994 27085 15612 
16269 27080 28492 

9898 
28307 
5910 10427 13074 
21774 
18588 4844 21262 29820 
30416 25131 62 2911 5387 3024 
7233 
9883 15518 14368 26207 6009 14129 6515 28454 22138 
29216 9155 27058 12784 10534 
345 5209 30952 32521 19819 18346 1672 21231 
27758 22352 30159 5977 
31579 11094 14652 17251 13289 18043 27872 32293 
28831 
16545 7397 11450 28616 21809 9538 

225 16923 
25332 12302 26585 25856 2165 23882 13663 11411 
10065 
2196 21443 17436 4908 16290 19026 
10545 32474 
8870 30082 
1668 24943 
18379 32032 21526 8305 23370 22567 32618 
29938 21690 2383 15819 28909 28269 18204 
23827 14217 5590 6618 29108 3422 15301 
27745 
15071 
16783 6733 23625 
32661 10997 29603 27603 30885 
29779 9561 11271 4978 20030 
20676 
8320 23769 27578 5439 30823 
1118 25013 27601 5938 1358 29159 
11318 15046 8262 
23413 2755 
15039 840 
11573 2077 20824 29717 10422 31748 
22961 9897 8995 28919 
1892 
29971 19820 5883 22509 14907 
7402 32593 23754 31956 27038 6830 16353 24832 1268 
14059 
29791 
6469 12689 12269 4654 5377 3709 25404 
778 16861 5634 32210 26836 18516 11588 28234 
11114 17041 31903 23733 9360 28114 31731 13989 
5465 4169 26463 4989 5245 
32163 6095 9806 30868 28276 
8570 26913 706 7167 15406 11736 
14445 12166 8498 5608 17354 8355 20956 28415 
25695 22245 223 12992 
21347 17745 26858 23904 
6155 3319 
2744 27011 13955 26149 9647 
22050 29055 26248 31181 2584 
24189 26487 14287 6254 28673 
15702 6122 
3849 7538 17736 12157 22205 

6948 3570 7151 30680 5221 10996 31491 12363 16571 
13295 
22994 1683 17402 22212 4779 9160 23481 
17240 
27634 25248 31314 9487 

11924 
7459 27895 31675 
21098 11634 11563 1847 16187 
15567 21955 1751 8155 3123 29122 
12398 5304 23787 30242 25408 2131 
14173 20227 31741 16309 8761 30221 1688 3077 14306 
7461 8993 
29402 
9249 3614 

24945 31652 
8059 26817 23673 13301 7521 27967 
13477 19079 27606 16444 
30643 14773 
15906 17871 21671 8205 24381 9513 21177 
4601 12108 17273 15783 16760 21611 
28166 
30944 28195 17026 29726 24622 8486 23460 996 
18090 30048 30984 11065 
21363 24944 
16658 16158 23209 17021 23997 16538 20631 5986 17675 
19855 8978 
4488 9510 5008 
8717 12300 9325 1076 10377 21549 3813 31362 
11599 18356 11984 
25278 17041 23755 16570 
20512 29088 21484 21444 9076 

17179 8621 6563 18234 19757 21782 6023 9049 
18021 
28800 8285 21032 
2116 17443 1901 
30919 26744 22900 32212 27022 29746 4140 
10906 5134 21599 23986 31255 
3536 30584 26606 26314 28834 17783 

9973 23760 3090 
20313 5594 20186 
18549 3281 
26468 28713 9236 
17561 13804 22968 31517 25042 18905 30410 28504 14683 
13007 27545 12684 32683 24513 
26622 25411 18279 
2637 20518 30343 
15184 7230 22589 17940 28044 12171 29357 
3111 27944 24042 20280 1464 
12215 13595 6320 21870 13969 
30205 19691 3763 17862 25635 17727 11185 4223 
10286 4926 22089 23375 14837 8138 11070 1636 

19865 31628 13393 17142 25094 5328 3699 9156 22129 
9883 9730 826 1785 27062 15497 
6963 24102 12215 22184 25821 5127 32610 
17099 8725 10840 7197 14794 5769 
21339 6948 29637 
15742 


6408 4207 30277 24568 8975 12804 19294 7568 
4561 16005 
440 2364 
27718 32400 16741 21005 
664 25206 26225 17032 32396 8398 16321 16090 
8160 15593 27 32726 29697 1245 32098 18937 
374 28833 866 17498 11794 11984 26209 
29556 21843 24311 15353 25281 9959 4358 
10417 8598 8357 17531 9481 10052 2412 12236 
6371 7256 2193 5505 24374 27243 6731 29299 4198 
10654 
15113 26869 
9221 25933 16383 12139 20164 19979 
31739 10975 14258 4206 15864 26211 
13721 30769 27815 24139 
10265 3239 21714 26030 10350 24739 
7904 

17270 
13718 4792 4764 
17504 32310 6974 12703 21234 9327 
10737 4258 9307 27253 11062 6335 19168 24944 

3586 12932 9114 31195 14065 11279 12749 12470 
1983 6247 14537 13053 4133 
2174 14183 30850 13630 31966 
17954 4571 30629 9117 14598 21424 24649 4427 26860 
17615 8706 29408 
14552 28547 11547 26022 31844 
24292 880 12227 
11985 14030 
30135 30598 13985 12709 
9137 25089 16752 13064 2831 15626 4009 
24808 20669 13585 7866 

30388 18638 29733 16188 
6666 11734 
23292 27546 25186 19534 8623 28817 24511 8348 

15058 27509 1172 
28015 
32687 31510 1949 21814 25961 
31250 23241 30606 10763 17261 11664 24680 20258 
13438 15634 2497 25155 
27617 9564 17863 10111 13268 24721 22317 
18596 17184 

2376 22775 
26926 890 16630 23154 12848 1643 5188 12175 24723 
8089 2821 9740 1523 6558 27659 22388 9300 8724 
2513 
32469 26308 21974 23277 
7718 29837 29904 15122 12212 28294 23599 17551 
25415 2628 1335 
32020 15694 22648 15491 
4195 23623 24261 2424 23504 

30411 15358 21867 2450 20835 30392 12857 15568 
18135 1156 9385 4695 
8578 2712 11376 
15303 3897 30233 7680 6868 4992 14843 
15387 
12496 18405 17676 

7154 26140 25053 9287 19715 13136 27963 29728 
21948 24037 3375 3869 
31112 28251 8489 13855 
15111 30648 23661 13480 

14516 24215 13795 19111 
21089 4189 20860 15968 
14818 11911 24370 30379 31358 969 6967 

30646 26665 4446 29015 2946 15644 
13855 17831 2538 6098 
5651 21274 3637 22768 11766 4791 15585 24135 
25901 30380 13847 15586 22428 25617 14426 8361 19401 
19242 27515 25658 
6986 10098 20220 3604 29356 5012 26645 

27567 17847 116 29399 12004 
28640 1845 23151 16099 
9625 
18860 15270 17069 6957 18978 5991 1657 6219 4247 
1275 
845 
27255 27152 27917 7265 18802 
11726 23606 31079 2435 3266 
29999 2951 26773 12247 27310 28615 1579 
14461 21947 6426 4587 
6840 24829 16282 20027 13926 28130 
2642 11829 11768 9934 23161 28551 18628 
21746 924 1532 2363 14175 18099 18921 6527 
26894 13738 26099 15647 17984 19534 18634 
10256 19004 21776 18697 30809 

299 20498 3360 12837 18124 1354 
14771 20633 11483 973 10945 28666 13368 26391 



27656 14858 31521 15346 7219 5377 31905 19269 23485 
26459 11423 7356 11139 
23396 
4386 1901 4388 26415 22922 11903 19890 1662 22828 

8607 1812 27616