552 20478 21892 2708 
26151 16820 17176 29904 14227 18641 10227 31082 7978 
22413 6556 
29849 10549 24728 9307 29007 1837 17489 24637 29135 
18729 17829 25627 18925 3480 7773 4823 28256 1905 
23668 27730 219 19636 23927 22599 21843 20266 
19948 
26063 32228 9279 17341 
20446 10193 18099 8428 2212 27773 7644 5971 
18119 14458 27037 24230 
11577 31814 2540 2649 6469 8589 24343 25918 21028 
23353 12969 
31506 3473 23011 31072 19137 
9090 18048 
15223 2439 8229 
26088 5791 13092 12394 6890 2243 29916 13190 
5007 8057 
18973 22056 1272 22855 1308 2907 2716 9901 
20698 8280 30029 
18952 4184 
7165 7226 10646 28740 13052 
12753 13636 5363 31456 13787 30800 30508 1784 
20550 18924 25028 

30115 16106 30218 17050 16871 25852 25724 
7320 30563 2904 
7383 7531 32759 
30647 16968 13325 
23411 24604 4036 19777 29261 
3070 3510 12737 4022 8278 5144 23533 

6288 16843 8067 22515 11480 15505 23071 26920 
15038 10165 31539 

10380 
28692 19247 13607 18144 19992 12619 22227 

15910 26448 29434 12716 16525 
28852 22709 30599 30052 11856 4277 5513 5434 17144 
20964 2490 18578 6289 23338 14439 12841 21789 
27705 7420 30891 20985 13363 5001 5868 
28032 
17465 
12184 18189 12772 7124 6464 23893 10714 21694 9124 

22545 28798 24757 11743 18215 
20825 21703 24248 8565 
32531 29477 5308 30855 30423 13766 6902 17731 
6008 31599 23157 16373 9107 
17636 31914 6149 31 683 10636 25726 13570 
29459 30438 5138 27486 4507 25942 31908 10364 
25710 
19932 14709 
10906 32251 3030 
4572 12928 4040 

27113 32352 22640 9894 6600 15510 21119 20344 
32201 7322 22298 32707 27609 13462 272 

24364 18751 
32288 28545 
11471 21264 20566 29507 
30765 29397 7788 20913 17017 6668 9098 
2273 
10509 21091 28325 
1239 28376 12239 30353 12937 31418 20234 19207 29299 
6103 23724 13402 
25588 20067 813 8515 17458 27681 6658 
23586 19703 554 11405 
20089 29540 16591 24985 
28609 641 27330 26377 5211 

31388 

29800 24387 23467 18047 19150 
1297 10249 8994 
12974 22317 27540 
18820 2484 7459 1412 9836 32058 28355 26745 
28989 2421 32177 4079 12728 
1792 9334 
10483 29295 26408 10697 29227 8821 14102 
25520 30702 11743 3190 18073 
23823 16576 3262 11209 11325 31491 
23114 28883 21410 24065 12593 
18166 31152 17497 13550 889 15422 5362 16090 26478 
2417 5713 
24929 22366 81 19509 11579 309 28801 12973 5001 
6193 16955 
3387 19353 11615 29000 13140 24770 31270 
25067 8270 25147 12517 18681 
3178 10259 13971 6261 24045 4522 
26207 26936 2242 12776 2440 24468 
24497 24172 11537 24568 8636 16312 22235 29343 
22123 9682 
32230 13374 29570 5814 14830 26429 31612 
24929 19406 30305 5057 2365 11231 28540 14876 
21272 29435 17038 1559 30550 19460 
20154 
29857 31270 
18329 6832 12714 7026 31392 
23927 14233 12379 24590 23629 20002 
387 22970 30056 3545 11175 6037 29413 22013 4090 
8849 2873 20644 32187 16073 5513 1675 
20215 27160 23210 

18201 31305 26019 17186 5224 29278 13084 6395 7719 
9739 10015 7462 16748 7789 
8078 18521 25533 6045 25081 21191 9013 
27485 23513 2600 
25371 13023 
24586 22642 11989 14691 15101 17808 32738 
7465 3049 7664 
3768 28588 14334 13331 1585 6154 20300 2147 
13267 6855 7621 4383 5398 27118 
21172 21000 
15978 17465 13271 4510 
1335 520 6804 2788 15945 
16513 
27145 3883 27193 28761 1346 22060 2852 
15937 19010 15254 7699 8591 19701 6483 21478 9245 
24398 32425 14723 30779 4771 17649 18829 27616 31904 
28998 25338 12223 
22765 18691 
13528 26 18480 32183 

11727 7577 

3640 11260 
25764 22113 13394 3544 
12898 27338 1053 7131 25792 13192 21804 16879 
21018 20961 
10136 7729 
3058 


10898 24869 19757 25145 18513 18061 21520 
17845 31561 30190 31877 10172 15117 23491 27212 19994 
29282 5418 31461 2875 22197 9498 28966 30784 
27206 14968 
29767 25280 
16066 18177 15593 4414 11377 26284 20462 
17422 8301 950 9268 24658 15976 17538 17067 
16749 422 22618 
30916 10110 21429 14436 27498 7388 15911 31213 28520 
7332 1386 4659 25624 7873 8007 31320 19632 30292 
28607 3543 15380 1034 19637 1792 21004 10816 20607 
10273 20523 18452 21312 

8974 30806 25379 7606 7088 30619 
26097 21689 28325 6878 5890 16826 11705 
16173 
21589 17907 27198 9157 27242 26610 26375 13259 
14542 24719 32729 2599 6054 20200 32014 20746 1709 
20576 
18 13897 31605 20889 20940 19772 8726 
19368 13385 19046 8506 6081 8506 30728 23622 14037 
24757 6193 31018 29529 32376 1525 8003 5533 
11117 6901 26003 8254 242 8031 
9805 17339 19232 15277 5696 22469 27186 
31524 2499 
25845 
22365 10468 5277 30188 5039 24555 19948 17102 6760 
30596 725 3839 13562 6941 
30652 28771 4125 1221 12323 27325 13961 26260 14640 
16241 14585 8671 
4241 
28697 8669 17906 15279 1990 2425 1546 14665 
13340 6752 14874 4799 26878 10121 16449 7804 
7723 11582 28008 19515 16632 25016 6642 31065 19757 
8236 20061 23177 27472 
3244 1038 24795 
10332 
10193 18946 23807 27259 25197 31571 13251 1042 
5153 3792 14641 19590 1043 5327 21669 
126 22585 
18706 19592 7837 3360 20563 8536 13345 28378 19549 
20203 16651 26789 14189 25937 24347 
28059 6428 6312 29175 12091 
5163 13198 28797 15860 30078 11155 226 11199 
20353 13362 23422 22680 2031 1632 8548 16980 22139 
11650 26208 11278 216 28370 9633 

15410 7663 21289 19346 
30124 804 15648 12037 
1313 23816 23232 32393 23975 9151 26091 21909 

15544 
18676 6174 28094 22006 
6272 9375 25568 9118 
2617 
17506 4710 2349 1984 30390 13468 2732 
28575 
6980 8713 
31613 28680 13277 7117 18128 5130 13818 21523 
28982 11401 4243 10509 17264 6196 1968 
14615 9290 31902 
5804 2123 
22363 10665 11003 
24655 5870 
21872 22013 31183 6460 
5251 16091 13615 
29231 7263 13941 

14588 17842 13496 9509 13745 14194 
30825 30438 3905 4655 22149 22431 11906 4018 
14593 29158 24099 26342 15744 
22688 30867 11639 
12001 29295 
7914 14768 316 9547 7838 22086 4005 9644 
30520 11124 1667 9227 22735 9460 
550 11131 19132 15221 10328 16620 32401 7522 
23952 15923 6106 5424 15917 
240 17781 11020 14901 
4229 7287 25506 17720 30781 29115 16386 
9478 27463 7158 16419 21259 7397 


22856 3319 
9681 16224 29402 30426 
8270 6853 12280 30621 1422 15724 12110 
10345 7305 6719 16978 

10432 25053 11579 13695 24801 23819 
8536 6607 3449 10930 11071 
407 28225 
10367 16098 28361 
2444 29955 11347 2802 10001 29846 
26200 9584 826 24447 
27696 27473 17023 

421 3707 19101 3139 17383 

22121 12567 26542 
21632 24014 5807 20504 25372 
11219 18504 3896 17002 22077 
18266 28185 14108 8180 30287 24988 
4366 24583 27627 16543 16323 13526 69 13810 

4452 20742 292 25987 31734 24731 26019 21447 25930 
10810 21482 15119 
10267 16211 2781 25612 28185 14929 22830 
9097 87 22232 15766 30332 31803 8329 5028 
27342 7302 
9676 32625 22082 8415 4291 12445 7006 
29814 4924 19978 10194 20243 29