354 10162 
11287 22575 1002 10975 6386 23183 30617 
15557 
31180 
13526 24998 
4349 404 20906 
4497 
31231 26249 14305 6964 5455 

29454 14799 25028 
17320 1427 8534 12387 19483 
27282 15161 20430 2429 9562 28829 4904 

19839 22398 
18218 7492 25706 
19328 24198 26609 
5386 20524 31509 16458 27292 15446 17021 

19417 18184 627 29335 10576 25218 32758 1595 9044 
9413 15436 18532 15033 
17213 6974 10754 
30428 4165 25031 26908 
25591 184 19419 19191 22196 28566 124 24495 4702 
14355 2847 9056 
7247 13953 
15601 
12229 22548 5021 10376 
15537 16736 6480 1024 20957 14869 15028 13208 16589 
12698 6337 18416 26449 1710 6888 7818 1328 9207 
3711 15422 
26248 3936 269 9427 22481 534 5243 12804 19151 
31461 21989 
20254 26528 30949 
7272 12390 6421 
16527 7934 23797 31789 7598 
824 31405 31412 

5272 16433 25372 
10694 13644 17342 28499 27036 14489 
23185 32120 1477 25952 12971 
12651 7211 27831 
26800 10239 27686 13712 
10402 14366 27820 6018 31556 20608 3531 6550 25970 
9051 23743 8413 16518 10960 32214 10445 25785 24196 
30347 21461 31026 26054 14112 22090 16041 23361 13310 

19877 9504 476 6103 18896 11196 28983 
26278 11046 
19116 25206 17829 3412 7405 
7586 32317 26669 29395 32467 2952 17177 24041 2082 
9747 18331 8248 27820 12499 6095 9391 3732 
10784 8000 17870 29601 26726 12078 821 4566 
28487 10541 21961 15555 
6025 16405 18044 9564 15749 1395 
3322 2645 24325 25518 21055 14913 9461 28340 
9377 

6187 13836 30669 18184 5825 1136 
4887 21588 4339 
32108 31003 24949 25204 16686 15328 8763 27090 26915 


19307 
29295 24528 751 18001 29657 23388 5086 29319 5888 

3205 4755 30149 
5646 
4898 17224 16029 
9561 30233 31019 11612 2565 
24775 21432 23666 19625 29774 16050 
27711 19934 25843 9864 
15260 12608 

17365 5171 19538 
20923 20350 31202 6076 
27912 
407 3717 24140 3178 7735 22935 25162 
3607 14602 
24793 24704 6806 8635 4305 
14886 16869 16813 20525 16066 17614 24590 19039 19994 
296 9782 13881 6479 12389 16245 20761 16994 

18598 11084 3780 3044 23716 
27604 27860 4340 16477 20211 20402 19675 24634 
2279 577 1896 19575 17712 
10294 9113 19575 19123 20404 13443 7530 13615 16908 
6645 13039 1000 30406 28098 
21242 7533 28445 6309 12065 19155 
9614 16475 16602 25448 17010 
19188 744 690 
15663 31503 
7152 
24607 12171 27146 
9446 6748 11326 
20125 19497 6434 7586 5635 11047 5471 7114 6207 
4897 6623 16588 16206 
17093 15979 26614 28969 
5240 32085 5436 

23153 26881 18253 13485 22484 
663 13186 20454 9775 1866 14938 28869 16707 

13757 8469 31240 18367 21076 7626 17363 21050 
6172 4285 31667 10580 998 7907 1551 24581 8918 
18962 31731 18566 29848 14908 
3423 
25079 10809 12599 
21654 31654 3325 
12823 12473 806 19931 
9554 16970 8960 27441 24886 23319 20562 18100 4301 
27851 9176 20555 176 16242 

7932 15649 25353 5923 
22160 3769 7384 15608 21326 19098 


17006 28830 16773 11182 20249 12851 22415 29745 27127 

22915 14729 27774 23567 7600 13838 22314 13966 
22696 32668 6155 3870 11076 
157 26539 4009 
20835 26267 19891 18464 21559 32520 
18801 19802 2126 23808 14806 17525 
12275 6177 22775 26100 
29871 9686 
23937 19044 10169 31695 29165 8626 12539 28465 4818 
10746 1483 30611 


26448 29400 20659 16305 10134 31356 4376 
8860 21522 31031 12959 1462 11236 4054 
18562 31516 5002 
13663 1025 31150 9555 7751 32568 
7377 4219 32529 16985 7917 
29311 4106 2441 1973 4878 8990 
28723 12416 22370 3372 
31264 2398 13675 14528 30791 
2592 
17563 18019 7839 25655 
26515 5127 32303 26655 26799 23616 4627 11286 6099 
23442 24855 17811 22363 18492 4331 19942 22012 
32392 18457 32135 14304 29285 
25780 7057 20495 4888 13152 1414 12763 10762 
31198 7249 5143 2388 4106 11578 16008 28026 2007 
31275 
9005 2465 26670 11997 27515 1661 

19704 
24023 28469 168 14074 3969 

12794 13248 11094 21058 30992 5233 8355 
30445 25594 28963 28592 10793 31363 26612 29319 5674 
30582 4094 9321 2922 25410 10494 29408 22312 
25444 27161 13895 9246 21200 30954 
15973 30894 1745 8749 26326 32576 30817 15158 
19203 14064 
8769 994 7750 10732 29191 14889 29642 32555 638 
11258 17129 25034 13323 27322 25346 19577 12550 783 
6977 26014 7413 
4058 13504 16305 7000 18519 20857 28776 28008 31966 
21910 1394 12966 23866 5059 
16076 27901 483 31834 31439 20033 15711 18283 20688 
9541 31763 
23180 11531 14634 11319 156 473 
4342 11591 13275 1089 1402 6745 21769 
6213 
13403 29045 23534 28396 
31010 
32234 11700 5877 16501 19370 14368 24359 
9661 20468 9188 2447 
21997 31090 
8443 30359 29006 30096 31716 14900 11834 4568 1642 
21676 28424 8861 29071 
21645 8056 15650 2071 12089 
25188 18901 28468 16893 26873 23560 4872 
31478 14229 19611 29405 11872 13770 4096 2579 6606 
14054 25577 24705 20456 
7361 
32457 20234 15164 6584 1360 18577 

24272 15684 16534 19376 11456 
22154 5697 10635 32645 30515 
26225 4012 31020 
9487 14128 21910 27554 
26266 18845 29141 25828 22934 12663 
21702 9727 6462 29650 27734 664 1179 4401 
20307 3106 16482 31448 14174 12705 17974 9359 25767 
12905 5437 28813 28497 12989 7175 9085 4128 10520 
26126 21030 24328 6486 
12799 4972 22253 29196 2445 3224 28749 25900 12713 
27034 9072 

11519 19717 13960 
12503 6198 
17711 11014 18702 20609 18606 
1684 2641 32711 7876 25379 18562 25353 29655 16004 
1188 23085 21900 2648 15184 10911 17030 32606 

13046 22086 5287 3761 14619 
23214 2155 18078 22815 14747 

30834 
11785 22178 17625 13333 23861 26973 
10921 24140 20897 19617 25546 
15042 19170 28427 31392 21087 31941 10021 29845 


23182 15310 29386 21624 7702 22067 24847 
11945 30668 3862 30272 7635 17557 20699 237 
29745 


28973 30330 21299 16009 19681 26196 13767 19086 16608 
9017 4505 26239 14688 3409 24834 32559 234 3317 
14355 4145 8264 23197 12019 27077 13208 21725 
21329 
27008 3989 8577 
6127 2289 
20168 22518 28865 4409 20857 

11022 13186 13939 27652 
12011 32600 9492 17822 13962 8298 8350 
27080 20660 32683 14547 21902 32428 
7307 31884 30365 30908 15324 5540 18764 22952 
2466 11033 
1010 11081 

7495 20686 13511 9468 10728 31542 14326 12338 
29264 27994 
6276 2428 20981 
216 570 
8296 7184 25230 4265 1476 7751 25048 23750 19997 

32051 24652 19944 29032 
21072 7010 24642 

15656 
31089 
18365 422 27425 
8324 25820 10168 12865 
6122 17632 29541 
31327 237 897 5689 31219 19437 
10334 13867 28314 22378 2039 
5748 8442 9739 15002 
24424 25304 
15400 8313 
24396 32748 2542 9423 15821 
5640 1318 2714 14749 4847 12826 30478 
27484 
15850 20305 2374 3812 
11200 19720 
32393 23756 2540 8680 14419 2519 
11315 22477 4263 29339 23923 19969 
22983 22391 30999 25815 4856 862 19049 13720 
22106 13049 4819 
20884 21518 806 25185 23244 3637 16619 
32683 13808 18890 10980 26269 25815 30561 
14914 24098 12587 10475 24328 
14367 8529 20511 25503 4980 
23727 1