30179 7187 11723 8308 24301 8454 16908 23809 
27753 31301 19775 29059 25015 15515 
27285 23913 
10125 12197 9740 32278 757 19959 21484 21604 
16657 828 29670 
15140 26552 4106 
23661 11572 
1763 23267 11549 23192 14094 14032 20986 6835 
15442 22121 4325 14698 6068 18423 21606 
23129 13763 13187 5967 18839 
31279 19505 11750 1724 15113 859 
24525 19606 16875 19723 12522 23973 2222 

20145 18288 18447 
13813 7158 26519 49 7541 7685 27346 13118 

15399 10019 
2368 27419 25462 23985 

3675 3341 30399 
26026 32205 19773 26073 18160 16813 26105 20350 24699 
2076 30904 716 13973 3572 
26851 11761 15425 29102 25898 
23331 2372 2601 17551 
6921 3425 6885 19517 18866 18576 7848 11555 

2908 25698 
15191 21165 4034 16580 9720 22356 30032 
32451 22278 20397 32362 8383 27905 
8968 6238 
19379 23037 29325 8521 32762 
27108 13231 13414 6785 16371 11286 4008 31385 682 
13927 
1856 885 32253 1811 32500 23143 17490 4877 
25485 25064 1020 20020 23840 26329 27205 


25556 8333 15526 30480 31692 6223 29979 31841 30296 
3050 22441 7413 11077 27341 31225 
23334 22738 
4440 16879 21523 19709 7963 17685 31463 25688 28981 
778 10309 21120 25500 7386 14014 12594 
5655 22105 32308 8603 22112 25656 19978 
21180 27247 16171 20454 4001 7228 
14942 6225 10298 
13861 17737 15513 8003 30957 12649 2282 27747 30742 
25910 
7741 16344 5903 1975 3657 4335 
26386 22121 16681 6628 24930 7959 14759 


8581 18193 
20813 17264 11425 8097 2206 25587 30810 
11179 29739 
22102 22063 24403 18028 32206 29118 9692 10595 21011 
30530 5035 
32210 708 19810 32698 4855 9280 
22720 16272 13940 7323 8544 24114 14535 18553 16461 
18013 
10647 14554 11907 15683 8534 21778 
23553 19674 13072 29782 27787 10412 23402 19776 15956 
18232 23403 745 5801 
22678 28132 11553 
14050 17195 24537 

8407 
12053 3900 17663 19733 
23115 11067 27282 17928 17092 
24602 27525 2045 3642 11854 5759 
3098 
27912 23391 28444 15264 13988 27931 
6278 
5860 25995 14790 2412 16390 20168 24047 32035 
21297 
13212 25209 3768 
17965 15428 19908 12429 12256 7494 31750 
4709 12805 8945 8664 27837 10935 11 32455 21423 
32242 22900 24261 29168 20695 1800 20853 5247 22266 
6056 19814 3997 5294 11327 242 12630 
18661 16448 22996 2009 
25122 
7461 9987 25233 20432 25244 9439 26086 1355 
23401 27382 17214 16509 20973 23722 20421 
7488 27719 17378 21717 593 14184 
10060 6347 19675 30845 4433 
2135 4836 
29953 6383 6351 19837 20782 
25309 
561 7356 2717 31181 4798 8194 4041 
9267 8079 31594 
5432 14939 14963 23579 4027 31710 27913 1629 30925 
28048 
31364 5188 6741 28291 2413 27083 
6847 10230 3060 19370 11300 829 12830 153 19575 
7631 5271 18649 9272 4737 31464 8425 8666 
20800 26983 8521 31279 
21315 3695 11498 17307 11355 
12865 
15115 620 9519 23840 
23310 12619 17080 30549 
12367 5528 12694 6639 
24516 19467 
8101 14504 
5096 2798 6478 675 20933 3804 4341 1266 14113 
28546 
30460 21295 24195 10853 26334 10674 31989 
513 15532 26196 5479 13523 3225 9876 25259 19514 
7192 30261 13703 19332 32421 4332 
20038 24443 12296 29827 24785 18090 22081 


25248 428 29767 8350 
13375 13465 19076 
22334 14760 30559 12800 15384 

11556 12540 
23191 30728 28175 15965 22748 23352 28607 
1218 6373 
29902 3203 29920 20843 30628 27672 
8233 29599 21038 28922 24254 5770 32099 9256 
28486 30826 10861 29388 14988 26349 
24512 29802 

24695 17967 16529 
20991 17860 19698 19494 28669 24041 32484 18206 2712 
30841 23971 11397 32117 3210 20881 
6345 24834 19106 21833 26268 11284 
24463 11097 

25287 8768 19646 
1067 16198 9234 9706 
29856 23267 5672 21328 16049 30118 26607 32041 
31626 9084 
28900 
26945 15533 8093 5099 
203 19525 31192 27588 8016 25705 11035 
13606 24337 4534 17668 16943 13876 19530 17506 4251 
25278 15894 7369 30391 6313 
8660 
13556 3436 23128 31346 
17175 17192 12095 23733 30880 24317 
16082 23518 27388 26130 15727 29202 15216 
29455 28734 35 5511 24319 15865 20538 19473 
22983 10020 14142 20692 13343 26281 25271 30781 7006 

20426 25413 1247 28295 32174 16435 25949 24339 
30839 1851 26836 24716 4854 28334 
14888 20953 7542 19659 19561 4064 24497 26158 3678 
16673 25561 16956 8390 10525 27060 

28292 7692 21739 
32132 28132 
1691 
692 32096 25508 9923 
30616 23661 32024 18487 20297 
8893 20668 6767 10091 25859 14800 

7414 28689 1981 12871 31305 31764 
24284 16091 16924 24798 7312 21068 8319 5416 
16892 6072 22577 33 
6881 
26531 
20671 15710 8896 7103 
7789 5101 26144 27112 7353 17002 21324 14589 
23658 24861 19806 
9655 9223 26529 5623 11668 20368 950 16479 

28168 28509 31257 10212 10846 
4500 8352 8457 24169 
2406 10993 28309 13440 24630 163 3093 
32356 26062 24933 14015 27021 16139 32583 18976 8983 
4019 20931 24566 11294 5644 2625 20253 14539 
31957 10757 16704 27984 14992 18968 4429 27307 
16924 26089 25526 20544 15551 23392 3463 
20542 9994 1609 
16720 7441 31109 15284 23943 1930 1548 15775 9395 
14085 15506 14287 
21598 28767 7701 8014 20284 1465 
27003 12235 

25299 12966 15627 7860 27452 14346 20920 16809 18648 
28041 19687 
11193 2919 19431 13349 8026 22647 1057 14811 29651 
2212 27264 32743 
25044 15637 19277 12927 
28931 1743 11002 16928 25680 17603 
24848 
11571 11974 31588 8803 14439 8319 8491 
15326 30859 1160 3365 32317 3902 24224 27616 32329 

24790 5515 5832 21222 
18615 

7763 29220 14691 18044 2330 10675 
8671 
3863 26277 23611 13373 16623 
6773 30715 4758 29653 20291 24552 9411 10292 
18624 30262 388 8433 22135 
28234 17748 8790 
8514 31172 23548 15838 29526 
5004 21265 12401 27743 28363 
12756 28451 
23824 27030 
27441 24890 
31509 14160 4023 16124 18206 15171 
844 8133 27658 
24925 9158 23568 8126 6760 14008 
15979 25490 15908 17674 11634 
22503 10740 
974 32639 1669 10780 12976 31096 

21221 18509 30460 18126 
2354 
14869 16925 8406 31563 2871 24052 20170 16514 22629 
6516 20314 21103 3299 14409 16892 4367 
24144 28255 12236 458 1869 2869 21899 21007 
4480 11297 13183 24338 11501 861 
18730 9292 32717 6252 6726 
9402 27061 29886 924 8057 21513 17799 
7913 31418 28169 16281 

17608 17701 540 4990 
30976 31542 17099 14141 17709 11784 
24670 
9193 16834 10612 1558 14018 
402 6323 11756 30348 8852 11244 12971 5428 10160 
19921 29111 12430 27561 13235 
7031 22689 28673 29350 29842 8488 
13249 24888 21812 
18820 6763 30659 10416 28757 6543 
24760 26396 
13921 23401 19223 
6137 2034 
3066 25039 6034 2250 2619 22762 11288 25011 
19185 12161 32645 1528 30035 22596 43 17500 
28453 30595 17548 
5380 18257 16292 19200 31886 2289 4647 23418 
24640 
32602 4227 
2440 21144 13433 11370 5679 5109 26861 16982 23993 
11169 30918 17024 5034 986 
31586 4432 13148 76 15215 30442 
1131 6712 
20658 3776 29461 3385 10574 
26227 8029 10892 22619 22561 
16955 25543 