 8939 4464 23651 29781 12360 
17788 28861 15469 21057 23876 21095 32287 17366 9899 
20677 25264 8211 
17924 
1299 13079 20979 19434 8021 16482 29761 25637 
5636 4733 26737 30426 25727 23471 
1392 3842 20841 
9665 11930 6931 4442 12563 
23683 8670 10988 
1795 5659 27973 
6081 
18566 24873 20377 29914 9565 7617 31363 21768 13402 
20272 843 13888 23126 22688 
27553 
30949 915 25509 1492 14641 
7983 32434 4394 405 
15153 5980 
11908 

21599 16321 9482 13444 1818 
3994 20954 20105 12226 6241 15620 31097 5600 24049 
28873 16896 16949 
21351 14561 15418 9695 4241 
14068 23112 25674 
12287 8998 15648 6818 
31475 9153 27203 23959 9163 804 24766 26175 
31771 21877 4783 16998 23923 20483 
30621 26811 20039 19072 13946 
29207 
28337 19170 

2552 5128 20973 14804 4376 21666 

25779 19403 4582 17752 20733 
14763 3886 20547 29491 

14017 17165 11193 
9804 
27664 5988 25241 14719 22196 486 
23725 
30222 14743 5130 9212 31951 9067 20014 25652 6048 
24865 21857 3482 1798 22581 
32418 25444 23011 28822 2518 25249 23108 14835 

22243 2181 
26163 8494 547 30763 32030 29159 
27379 12755 15679 31834 2320 
7602 7603 27644 
21036 28067 31205 16971 
23028 10498 
21842 15040 8059 28951 

1089 19922 20448 349 14816 10019 29016 
18253 
90 16386 25225 10119 10817 9697 
26199 30094 25625 10580 666 20867 892 28867 8948 

15756 17012 20126 1729 31887 11220 2517 13946 10116 
21809 12148 8901 20387 
16011 19809 17896 5952 355 
31677 27172 4958 6181 10161 2163 27990 13483 22134 
29640 
19528 4193 24978 17865 7290 6684 17809 23449 
21321 31827 19898 2716 3167 20190 23026 15603 
9047 10744 
31951 32351 19872 302 
20920 2819 1678 1532 1061 20160 11276 351 11139 
31956 26971 282 1365 16672 17014 24825 6470 
9571 7836 15954 11107 10598 5022 8653 
9058 13188 11000 4442 20499 13830 22447 
11477 
29409 10493 11804 21760 1339 3740 
20565 1495 
22307 15090 4517 5380 
5511 2944 10272 
1432 20903 13145 11696 11611 24015 
21260 28913 7759 4881 28729 28466 25462 25653 

20685 
8428 8026 26516 26409 25582 15621 11721 30889 22552 
14861 11318 4589 2029 27217 
18530 22918 10120 22103 4667 3923 17471 15458 31353 
5821 25963 30372 13889 8788 17170 
8976 
7453 27598 
80 7113 19854 19064 15842 20455 32090 


6078 29949 3921 15579 28725 12659 7431 20315 668 
16373 11 

3683 15286 24168 12954 22019 
25946 7008 23583 13731 30102 19925 6599 26023 30369 
15020 31935 5381 6413 26112 5891 22807 2671 

20000 7373 23626 
27205 24218 27772 20760 
3158 9045 13837 17850 20198 6703 16748 
17902 5421 21660 30545 28536 26402 
29540 26363 
19204 6390 21230 16148 15961 
8682 5226 22546 12407 24860 
31238 15457 12097 30524 1337 4256 1092 14269 
19956 23481 32389 2440 26552 4826 26097 
20272 396 17960 31211 21009 6880 
14830 23589 1710 13528 
21703 24016 2889 31673 14934 6961 25722 10459 28738 
12415 2891 9232 
21037 8862 19376 
14712 5362 13594 30977 25718 13369 11440 
546 10776 14694 1097 
2888 19206 304 31815 13963 
20122 
23868 
1834 4662 8320 

9376 4374 18960 
31468 12556 5319 8758 7745 
20245 28173 11280 30003 3650 19915 19095 7786 
16812 15251 17931 
2265 24758 30588 31213 27362 8101 13072 
3270 17183 22698 
29316 21517 8587 25520 18730 29862 
27724 11349 8988 12094 11037 

10389 29957 19042 32315 31370 8847 25846 31490 
20361 14867 16048 13746 27335 
13167 23036 18994 12838 6391 
27259 27915 8652 26897 23698 5761 4084 
13527 4579 25445 
15560 29926 15342 12536 32336 24718 

20652 32075 1679 18339 

14391 
1611 13458 
6303 1384 7662 32118 21763 15579 28153 

24493 491 29879 22422 16048 14330 15639 
6777 11363 12081 18332 21262 15433 2042 
16205 24900 15679 31504 25614 21855 31106 18369 1414 
30903 19728 83 31154 10832 8203 27069 3002 30882 
11088 
20219 
5136 19498 4989 32567 9660 31029 9562 14883 4088 
1765 23693 22380 
29250 
6056 10958 

25581 31339 
17132 10951 11770 
19139 26848 1323 25343 1214 
31732 25626 9101 822 24672 
2694 31152 5059 3075 22290 28067 595 13382 7806 
18241 14362 17925 
17210 10625 26640 31240 19877 17442 16504 14345 5708 
10754 10578 22987 19619 7904 4036 8657 
7034 
10476 10433 8788 22233 28339 14228 
3875 17514 15312 4905 29056 10258 
26263 17764 16447 32575 9273 7736 
10018 23564 15845 4702 
29624 21192 
10610 5499 21615 26688 
13963 26657 25624 4060 22022 
27775 8976 7725 
13972 12115 31204 2421 29213 22256 11354 
26155 10998 5812 10572 29716 22634 13957 31395 
26586 12516 
3972 12289 6418 30216 8721 
17198 6033 16351 18870 30765 21627 5532 
8353 15967 22615 22460 6026 29205 28336 2120 20513 

6300 18889 25708 5589 32710 18516 14126 14026 17138 
8254 18834 7562 21365 16249 
5897 32145 18641 7152 26557 
6004 26372 28817 
10583 
25782 3084 2717 25610 463 
25684 20941 8858 
11261 30170 22983 13345 
10528 5967 23840 7666 457 23968 27934 31972 28780 
32659 6377 
21419 8425 18771 9402 
479 29082 19771 1592 31357 14059 1804 21644 
20958 20889 10099 
10424 20386 14890 18539 29859 9512 31716 30195 17626 
28222 24781 27043 23017 3927 15841 
16104 9081 29909 426 30401 1435 15082 23332 
3941 16993 7114 29282 5700 1517 17052 18628 30544 
27187 15728 3087 13862 
27022 10691 19117 
26674 24695 20507 
17338 3653 2351 5666 17196 
15901 6218 24909 
30608 11251 7064 16336 
11167 32304 3567 31940 18180 26468 23244 7816 1539 
5241 
24097 31921 19041 19728 22547 29293 
4807 25272 17382 
19145 29101 13163 
4251 26218 17112 3841 5564 6019 21021 
26213 31319 32199 18394 23434 17809 
27371 9178 24466 6472 31027 15988 
28825 1108 
17996 17769 
21025 1441 4995 38 31227 
17114 10837 20644 26585 5867 23776 9753 13491 22035 
19249 2445 2825 
27005 6128 10856 
4013 26612 1179 29625 8388 
14500 20379 1845 18617 29596 11975 11777 22585 
23501 6315 8253 6841 28380 25202 23674 29318 
30786 
30207 29399 1999 22171 23279 3757 
29276 
25596 21667 6740 1637 
8328 
21117 14615 21375 26980 
17145 
730 
16519 28122 11808 21998 6392 32412 29909 3434 
25658 16679 203 16330 28165 7995 175 
29043 24953 2686 990 30480 23587 2282 
25983 11429 17551 9668 
24334 9954 20799 10416 25802 3117 3028 
4272 7262 6180 3913 533 25392 
8813 20513 20166 18525 28171 13135 11490 14610 30174 
29402 1333 5246 2512 21808 30451 20304 6316 

25353 29507 15059 30751 
25068 3602 29132 2608 22926 8756 10842 
11431 13614 25335 32592 

867 2413 24867 19565 8774 21553 
11332 
9057 29885 
12204 28063 995 12736 18142 
2346 14171 25528 20115 12769 17858 
14020 12461 20679 29161 30969 9321 
11596 6442 8973 18713 
13721 917 27135 7733 14896 15566 10541 22973 
31257 
26220 18469 30471 9201 17898 8140 
22863 23973 6563 19731 21367 21109 
3410 1495 7978 11404 9523 30299 29835 
2334 13070 7225 1547 25717 
15166 9006 17211 31904 5274 9994 

21042 31615 31919 23110 15442 13359 9011 31075 28248 
4513 1134 31839 
18165 7114 7668 
27295 4323 22