321 29657 15086 457 
24826 22787 23493 
30687 24144 5875 14518 
4564 11707 27169 
27653 23493 498 17611 7284 14198 
18476 19911 28197 26908 27039 
29614 23017 29941 
28320 752 25769 6051 32734 21879 13578 14859 13691 
32307 32536 
5886 3691 9803 16463 4734 19792 28279 31189 
19556 22932 5924 18381 4954 10706 11101 26354 17339 
2165 27011 10143 16016 7251 19668 2881 1913 

11069 19857 32106 
4461 
5499 31599 27643 24683 19433 16633 9864 21787 
24221 10206 
5044 19778 12707 24186 7871 
19572 26781 21250 12410 7649 
30506 9569 9765 2224 26181 
29261 13825 9046 26026 316 16874 352 26439 
12738 29162 29557 4808 6245 19275 19044 31969 
22048 20699 1933 28184 7765 30328 17624 31748 
20175 6413 15797 
24207 8386 9075 5097 12510 30420 1998 3122 
25354 24883 2428 27674 16227 10011 25750 
2881 2743 4557 25112 17355 20996 17423 30157 
15715 27330 32016 22118 24810 15348 16693 13463 16525 
15473 20084 24950 18037 17432 9184 

28183 22251 32480 22979 5797 23143 22026 17241 

9380 17803 21039 4224 
26502 10594 28480 27167 7283 25454 24624 
3843 9146 2841 20600 6120 5329 25983 
16010 
1480 10405 28608 21179 30424 24338 19428 28158 
14653 3895 881 11138 29939 
21114 28673 2363 5474 28502 5101 18880 
6305 11029 31235 32386 7306 17077 10794 18310 
25791 17239 15906 25030 17652 
31538 15983 
15493 21266 30431 15706 30872 639 1872 18838 
20713 
24750 18595 
28586 17014 32733 
32059 25195 
3060 
3833 8452 17023 22207 15738 7173 12016 20483 
10267 1920 8951 14111 1317 17500 13599 12109 
29154 27904 6927 
8441 
1877 6507 23139 8163 
18954 235 31171 4009 15982 18873 20795 2756 30461 
15237 19435 29301 32194 506 24108 21082 17349 23544 
7441 28274 6051 24846 7308 25319 21910 



14321 22925 16589 21255 
28810 12826 30591 24658 26748 21249 31680 
28383 5719 24652 15599 3595 

192 23186 12858 2886 15712 27168 29149 7037 22402 
32211 20158 9793 11465 23446 26795 23398 16712 30076 
13042 22112 24712 802 15745 32089 3834 
10218 6045 22696 
20786 21629 1243 
15412 
31428 

4562 1682 25431 4856 6214 16773 
14338 15116 20923 28643 16046 6380 27133 30997 
9640 
4738 8558 17784 2200 22751 6517 29458 11822 22847 
8710 22451 16629 9849 
32087 444 
16221 8774 23224 4937 20504 26482 10502 28476 
17492 
13892 22010 19338 
12387 27589 27368 16200 
8676 16324 6028 2557 32501 17844 13589 9152 5710 
8664 30570 4323 15934 27030 11608 
11090 
71 
20094 15572 7671 19501 13767 
20441 21111 5982 16360 16178 30939 3588 
5572 32176 25284 28695 4262 11627 30841 
8727 19641 1578 24987 10397 28267 17261 20540 
28640 30056 555 28623 
31273 21999 16339 22356 2136 27858 


25370 309 30261 12192 18656 

8881 16514 18320 16526 16247 17886 31386 8932 
16878 28766 25459 

5564 32607 19032 31002 10871 8695 
25759 
16387 13149 14262 
15788 316 
23372 32168 11580 23482 16447 4496 10482 23717 
13825 
21211 16580 7166 27163 
21537 22747 9315 4986 27944 26942 5890 6071 
14335 20458 7223 31080 19312 

22305 16448 17075 12450 
12115 6149 
7628 16358 12671 14752 24874 18013 12300 2650 
5799 12145 25673 3485 19794 17760 
3727 25854 30196 32276 30036 1956 22492 20347 
16269 31179 12109 29113 14739 1756 2538 27034 32317 
14728 9706 11662 
22475 3212 
9851 31387 27787 10962 28270 
9551 
7335 20477 6145 
20819 9962 217 25338 7603 3407 
11935 25247 17039 20748 27941 
15529 10660 20650 28948 31789 32569 4955 19691 5236 
23346 21344 31393 5687 
22159 32473 24445 
13834 26883 26749 31889 11079 23227 26264 
4915 
17300 15647 
4049 25344 10277 14758 17998 18364 
19818 7064 
1920 4202 11495 7524 10932 18539 8042 31255 10327 
22903 16688 21836 9164 
2919 21579 18433 15136 23612 2914 3638 3005 
29232 20440 

13858 5142 
24655 2451 12648 
13333 20696 8265 18760 7035 25909 
30374 18101 20402 
619 23306 11559 30145 3205 7088 29948 
29114 9562 22219 20697 5180 9249 32674 
20828 4555 22429 4601 912 3717 25419 
5668 20060 2615 17470 19020 
11563 8717 4203 
26044 14377 17436 15730 17149 28863 18677 
9425 20500 1331 29677 22080 7277 21349 18210 17646 

14044 19148 6965 26368 
13398 2137 13869 18733 26331 28608 
28113 22001 
22612 32138 
16254 9159 1072 4117 24022 


6457 2968 14293 13555 31207 14056 15587 
16023 
20010 22529 16165 12506 18663 20445 
4230 32458 6956 6657 14739 32534 11279 
28220 25570 10688 7536 11983 15547 15369 3995 
313 22226 32299 28215 24364 20939 

17455 8804 
2642 

11766 11865 2524 
21038 23181 4431 
20897 
7209 23873 28678 

12448 4889 3602 26765 3845 
12620 13829 13289 5705 5668 17912 23393 27845 
1549 250 11844 32571 7540 
12316 15035 26451 1673 8080 12788 3218 
9384 
9686 10679 23614 
19673 18477 2948 8890 8716 16892 3154 30163 
32391 
3869 16023 12405 30049 19955 
25489 
27579 26730 11120 
20537 20715 
28584 2265 24798 10545 
30336 27071 11062 5011 10611 26717 18680 18887 13244 
20340 
22122 30785 
9028 23163 32264 26832 20585 21132 5496 32473 
30754 
21033 12115 
21012 9895 23398 10813 17981 21729 
929 
32712 19399 5307 
9833 
32162 17501 15224 
7348 32101 13082 3240 
6118 13806 13176 9854 22591 19124 
6699 4201 376 28923 1391 31284 
3358 16635 12676 2821 5243 13101 
31305 2522 
9563 3138 30636 18669 29440 10399 28255 14871 27126 
20806 
28988 7445 27179 15529 7903 
12879 28087 11286 32664 408 13129 9997 18609 
25896 25854 27034 4065 
29608 21835 27990 15299 3098 7433 19861 10087 1505 
26323 
25653 
17394 
6262 6963 25505 525 19455 2060 30344 30175 16834 
22836 1168 11780 5847 12696 
4582 6612 
16898 4831 7949 
10778 15951 17906 9930 18910 
32158 17081 14572 6473 4085 12084 8413 3848 27578 
5494 31271 9134 
9622 
12419 8469 6037 21698 
16197 3206 16400 

529 17611 28415 25382 
28031 
12074 4085 
31563 9139 29890 28719 9475 3938 4843 3618 3612 
26186 
19984 13737 8908 16370 

5922 29026 29896 
13975 3466 26082 6621 4011 20990 3020 9783 8144 
22618 4488 11990 8348 8063 
25144 27488 44 20229 4364 17412 
10158 
29723 
30413 14979 31759 24173 30702 
13267 28862 29720 30619 
29960 26056 21431 15641 
25353 25750 22742 27253 20623 25904 26076 25542 2268 

25967 25194 
104 21861 31005 6366 
24708 31737 13904 
30733 20446 8726 29265 22399 22002 11581 11430 32536 
20280 4210 13966 
5959 17422 2078 4358 25037 4863 11723 

30418 23087 24742 20606 9332 24196 12507 
24107 23862 13804 17084 31419 5102 10103 3819 
1848 10757 20323 8087 
16652 2595 142 6183 10952 23146 
32498 
4187 717 32220 9362 7741 22728 26653 28009 
12212 
32144 400 19434 12514 
3718 10902 27233 11041 11997 17229 
19813 22042 27532 18197 

3460 27268 
21421 6932 24172 
19448 16777 5873 24293 9165 27293 
16938 
31613 24348 11054 25444 
3919 17831 
13036 17376 19033 20607 
959 5322 30561 9628 23575 7800 30572 29113 

25206 26829 924 30407 15074 
23003 23054 20241 28190 10918 12423 3047 
10739 12227 26168 
32563 6667 
23082 11204 2