 17921 32415 8532 10927 25302 27261 
4934 548 7123 30590 29678 14012 5000 
32262 15801 31033 19332 19822 11088 7345 13886 

27639 
3805 29011 10360 28988 
13617 23273 12663 1354 21501 3746 25756 
22534 6684 24826 32247 473 
2661 32357 11951 28570 6675 23082 7979 27435 

1558 5290 21230 8255 13490 
10064 8118 7179 19024 

25540 6399 10824 31883 2756 27789 16708 26645 30061 
21192 28101 21111 1774 31594 340 16237 
21497 5501 26606 16961 18523 28213 23992 26210 21099 
7183 15951 14264 15285 32162 19069 22499 
13472 10438 3791 23909 17276 13269 4381 4384 
6932 31375 28722 25933 17549 2562 2816 
15203 30118 3462 6435 27893 23876 14200 15085 10658 
25510 22752 30456 9628 11127 12904 
362 2125 4406 7326 

30631 8821 20601 21106 
19331 6977 24317 23238 3189 25469 
13949 28585 
1733 2641 27459 15663 
28522 7650 27519 
6809 23762 
30451 31226 4065 10837 22246 8677 
32626 14058 26602 15273 22820 
7594 
2993 6642 2944 6528 10525 14758 29076 15293 

20616 19715 6483 12076 7810 7338 2928 9024 20464 
21101 6936 21881 1315 22572 19561 16579 
3068 
15955 
19804 26035 19658 
3627 17377 
556 7078 
32732 21619 30333 18193 
21268 
6910 18640 31264 
27316 29710 25542 4294 21167 
19239 5334 11960 23026 12362 2199 
9289 21718 13950 18958 4940 3248 
2938 8525 26348 7476 17846 27960 
24384 28940 24349 1309 14741 9461 32000 6230 25366 
30519 24130 24541 10992 3757 8041 19966 24860 
93 981 21138 9227 26190 3366 19919 
23409 31592 5095 20412 20637 9900 
29492 27334 5644 
7443 28441 26003 20190 29739 28586 9280 26845 

16679 10088 
13102 17609 30153 3174 
18528 17172 31582 28418 2150 4457 7949 10200 1758 
32720 14756 31986 1579 
21484 

32157 28345 15565 21917 15614 23096 21401 
10474 11041 14076 25267 4531 
9303 23703 29458 22872 21644 23796 16384 20493 15034 
3201 28225 30488 29933 4801 18499 
26625 13338 20812 1158 8173 
145 28419 14008 5907 30195 
4757 6882 8110 26120 
12397 19585 14086 27737 19814 
4671 2629 20237 27832 11673 12111 
13816 28167 16195 29620 13465 10735 

10275 6913 31524 12792 14882 17025 13137 11833 
12806 16856 2412 
7590 11038 21705 30577 23703 19621 1310 12975 
2672 18677 28652 28882 31681 32000 
20345 4810 13532 22483 1403 25816 11155 19477 8127 
2948 10231 26673 2114 15089 
15326 29187 9092 26227 4218 30931 29701 2125 3597 
25907 30785 1775 14843 6649 27064 12882 20770 8646 
442 731 3467 11614 31109 19155 
5427 
2297 8411 6750 7008 25335 22629 
23915 15363 2178 
29941 12239 32518 
9507 15048 8936 25740 
17037 23031 31320 
24010 
31186 22606 10526 988 6772 23232 4444 27946 4118 

21177 9440 1895 14884 6168 
25187 27338 31393 31109 
11855 

10252 27170 24268 12149 
30182 880 26187 27405 24296 1576 14871 31554 26459 
29088 23242 7026 
3599 10864 8864 23164 4557 14877 32376 6159 
23352 16390 31982 723 30697 531 18767 2634 
22036 29619 11125 18725 
859 30919 2760 28446 15247 19387 6083 15678 25048 
1920 29191 22222 31607 540 
32582 1428 
17787 17325 16638 8140 8840 5738 
10551 30492 31727 11157 


12771 26960 17558 2831 11558 13332 
23966 26585 27724 
1533 10067 31433 22670 29034 1958 
2885 
17688 19228 10969 12562 
9858 11599 9944 21732 27256 4253 
13950 
2389 11314 2992 672 24858 31185 15973 3157 9781 
22426 24782 
9496 21800 21768 11962 19124 4560 8080 
1014 16051 23616 29892 2455 6449 32296 
29116 6759 26749 2251 24799 28567 
18959 17920 16045 2353 9507 
25114 8200 8050 13205 1590 18064 19156 
26332 8197 15562 6199 26566 6784 26232 23970 
1139 
10267 5396 4468 29661 19139 
6155 402 18104 2399 22251 6506 
5305 11412 22161 24740 15233 19344 27789 18289 
15355 3662 20447 17105 20554 18882 4824 
13183 2676 23803 8859 11451 19320 17370 
3481 26720 899 
21995 22850 6816 14924 27954 11089 29709 14407 
16622 28703 9860 
20995 23522 21235 25129 5214 23108 

7239 
3989 3680 26172 29602 4770 28514 19327 
31428 31774 

30535 1739 
18857 7166 26787 12114 22054 
21273 16421 24387 18676 9612 3978 18380 13592 
14221 13545 15066 22383 20911 14519 10181 7674 
23389 18301 5521 9095 4468 29237 9294 13147 16312 
27260 11649 
29 806 20200 8927 30197 
4793 17223 3581 
6862 1482 13924 2473 17452 17897 23217 21655 17412 
27876 
13774 6498 
3890 10005 28289 22823 14330 
4317 19303 1145 20331 10134 974 27184 32083 3033 
30288 1689 17141 
18734 4663 22839 14169 25461 9984 7139 24052 
6796 2290 28375 27980 

28943 17589 25919 12021 30688 
25859 25840 24545 27418 6460 14403 
18659 23714 10520 

10717 29907 556 20959 5796 29247 18245 15899 30806 
28859 8766 

28988 23405 2742 18715 10884 
10420 22244 16059 283 20474 21380 5996 22814 24571 
22299 26441 7231 5768 
29687 5044 14033 26535 13869 
24340 22694 31813 13106 15071 5828 17834 15887 27437 
15525 32275 7462 
17299 
22640 20124 27826 
26946 3527 9281 
3290 25435 3069 19331 12179 23693 21362 29424 
23190 20698 
244 14054 
5252 31067 31432 7627 4668 
6685 899 15934 32660 24256 
5488 4383 12297 19290 12210 
22212 27827 4224 999 16915 5918 
29472 15617 9867 

16969 19930 25661 2789 24368 2495 3812 
3312 1702 
28449 6908 19532 19538 22152 12259 4446 15282 25150 
14938 28453 5098 867 22805 8892 
21201 14481 27014 5270 16040 
12177 3683 13631 25974 
17826 11178 20618 19265 10709 7865 13457 
29102 24374 26162 29661 

15733 20680 13011 23766 8681 27075 
31812 26608 22400 
14847 11342 17316 20361 24967 27606 13891 27929 12221 
15110 10118 
6729 16256 225 
26787 9843 29685 1704 9905 27762 28201 32436 
31186 28027 16512 16523 7729 9087 1868 
20000 9033 5410 11344 22037 11187 
5025 15392 
17798 27238 23819 14912 32435 
10953 
32630 16729 19725 8440 9355 18610 20216 1403 31176 
408 13492 9814 32566 22474 
13018 11341 1270 27136 18328 30746 
14807 32096 26922 
10258 30513 13127 
31726 28819 19502 5506 8559 8795 8220 13755 
2531 8406 22087 964 20597 

19221 30275 16558 
20018 15267 1429 
25000 30319 12257 7695 30829 18760 12126 26731 
4328 
31538 
15844 
221 14293 16803 28785 5582 9162 14331 19893 15960 
31998 12414 14269 32044 26216 18081 
21086 10461 

18016 26348 9965 
24856 978 25655 3311 11735 
22963 13696 8117 21150 4055 11079 
212 30305 1771 17923 529 23861 18829 
26852 30336 518 29256 24140 25968 11921 
19941 10908 27724 1104 

23682 29782 26585 30529 31053 12091 30791 
3451 18158 27517 6754 
23165 31290 11392 18142 8312 16998 22122 18747 28531 
4206 13870 3067 13139 13565 22076 14456 31613 
25680 28232 
10882 18359 31353 18574 26942 5720 
15412 8838 15243 16004 
28173 19221 3761 6089 5496 8290 17294 19081 
18282 8108 26052 10371 14040 
14600 17406 1935 25590 23267 30688 12946 9715 12592 
1985 4541 18468 27072 
32691 
18705 12901 5086 27803 17311 
10622 12383 21574 25962 19972 5634 
29006 24118 26937 9655 7424 

27613 10648 15343 
14869 22686 28126 
9400 2463