6 22537 22386 
4036 16823 3401 23283 
24891 28007 11696 14632 12438 
197 13540 26050 
19070 21616 12912 26898 
2173 30320 19148 21469 1829 
27057 8163 28802 7439 22167 
2657 6601 
31436 31141 
21705 675 
15999 14917 2289 7691 26382 28940 
2442 19745 14893 6946 
19024 26628 25575 2295 14999 

30575 22280 23521 7446 7965 
160 15979 
23789 27544 

21594 30273 26242 32668 2118 14754 19629 1757 
31273 17891 21557 4975 28378 
29850 19708 
15850 1092 12148 28837 32682 7253 15421 
23078 8429 11005 28957 22052 30123 
215 15072 1955 25405 25588 
6555 12660 14903 7750 
14477 24204 26678 21257 1779 25290 

20649 16687 4865 16498 2897 32746 
16398 6237 16063 9525 30777 2449 7309 3224 

25236 25235 23398 
10933 3456 27139 32297 
27698 
20051 26855 6594 10962 20492 18767 
15909 10748 5075 7545 30908 
6524 20369 27389 
15162 4370 16317 15314 609 28497 12909 
9306 
20658 31107 5454 16871 15769 16661 21190 27922 
30382 8664 11070 
15834 17961 19662 31005 7822 
2655 6029 15620 21 1876 
10200 2601 6827 30068 18831 21275 17959 26779 
27485 15082 5544 21863 
8939 4962 9820 1638 17512 7322 32131 9452 16588 
27425 25831 6925 
15588 20788 27476 26681 
28814 
28270 
25584 15674 22785 2209 6251 15492 
5322 30323 3120 24973 4983 
15577 28905 24512 
16025 24732 
16162 32175 1184 20056 
23222 4590 9263 8144 9425 5519 32691 23251 23235 
23355 11482 9776 21425 19002 12705 27464 
6740 13717 29906 
23537 
2641 19493 12718 
11885 11534 3003 21880 31268 2019 27150 26895 26304 
12540 31020 
11463 28155 
13912 22340 

4996 23868 18867 13282 24615 19503 17582 7999 31700 
29367 26484 11835 
2048 25664 11727 
4826 18111 12414 18275 23910 3630 
18931 162 
8074 22878 12699 16057 3514 24906 26525 5048 
4114 20037 14312 27636 31667 
1624 15475 10194 32258 19334 
12452 27697 4517 
11561 2460 5065 8934 15167 25592 23976 24506 
854 9394 16527 7134 15069 7770 23007 23760 
7413 18992 7277 22569 587 14478 32551 
18990 9224 7022 
31184 
29166 21740 31526 447 19578 29655 15166 26635 



23645 
18974 13720 3858 6361 26325 
14704 1788 4259 15828 23137 20491 6801 
22098 11040 20882 30728 22948 11550 
1541 15676 28344 4154 29326 26794 
5731 21272 2275 
4456 20011 6991 32478 15756 14330 4048 
28465 
13783 15730 13775 
19069 2933 24072 7128 5528 
17354 11044 22338 20754 6206 10351 8093 7292 
30898 31844 5810 12480 18684 14270 
15667 4095 25937 18153 6550 23624 13747 8702 12095 
4008 3653 25076 5018 667 20050 10494 24512 16154 
22506 25217 8986 5027 14440 16284 14031 
25063 3075 8220 5483 15983 
16270 8743 16412 

3753 2203 

6196 15973 1995 18477 2769 15006 27966 12376 
2850 4289 4618 23026 
26363 27065 29596 15652 2790 1545 19183 
6279 22396 13544 8499 17251 19931 


29045 23063 16212 
10596 31481 6344 989 15158 
14079 23336 20131 
28017 17122 9193 16893 31855 3394 

975 5058 17506 6627 1756 
13758 25578 11972 458 920 8723 5669 5798 32052 
7623 30277 
1722 22449 22507 5533 10885 4487 25244 9221 
8704 14507 26098 9253 14527 3639 


26369 8062 12795 32146 11737 6515 28640 
11712 16241 15404 4366 13218 
3992 26001 14122 15815 25572 19676 6968 795 29129 
1856 297 24994 23563 
21931 
13653 
6192 10426 26587 4832 26768 20754 13208 22679 17665 
24841 
14121 
6902 
6315 9988 10649 1550 14895 31404 19383 

8492 32397 1826 
26840 21623 
30729 18393 11492 11627 32199 10920 14448 22714 16971 
12173 25311 23657 29197 21874 
1565 1366 29472 18685 630 13944 9866 17861 
20477 

24312 10984 28560 25247 22042 22031 6597 
22845 25595 12339 
22426 32209 16703 12305 20701 4465 21038 1401 
11462 1442 20795 10072 10095 5083 
27660 4683 795 32415 
20566 22715 3583 7967 15259 31553 

27171 15432 15635 25685 
28359 
1308 13004 32397 32601 12348 24357 3728 5146 
27410 28062 16534 22284 32379 

24718 10542 15800 8426 28713 
1179 4205 2513 11052 22482 
22115 16072 
18549 5907 25912 22775 17573 24669 1135 
20914 11061 11393 1917 11854 11510 
25831 8878 
21451 26100 10756 31768 13300 24750 19146 20135 13888 
14696 30389 4073 10749 19798 22385 16029 28252 

20323 11000 6229 30075 31743 21032 29758 20314 
28479 9797 14121 4572 9677 
14729 1354 30709 7920 10037 
24933 12173 
32096 16727 23332 16066 21991 27440 8279 
21275 6699 8389 
14050 23476 
1055 14259 23796 21488 16072 16906 16646 7577 19237 
22252 16501 26953 28814 7771 9155 22586 944 11228 
7004 19843 
32313 2359 6201 22685 20430 6030 2699 18957 19579 
20808 3665 30938 18979 21110 
12791 30502 32187 11136 26305 4504 8090 25627 13979 
3990 23050 27782 25341 32441 
18913 21303 20027 7445 986 27516 14760 
15711 17458 15542 23935 26663 1872 
11956 
4917 14365 
1703 21925 29951 12047 11783 30988 9100 24828 
23194 27584 13934 6384 25149 19278 509 9852 
28130 15781 11992 28445 26549 
16678 17862 2657 4180 10817 18229 
9824 4115 443 17463 
26990 18915 32210 
19386 14444 
9656 26183 17533 3512 11401 1696 621 20002 
4870 1164 8058 15663 28867 
20250 
1141 11365 13041 28940 27473 
15673 3473 20128 10878 27020 1059 14447 
6151 11347 3393 12068 27049 
9675 25377 13631 
22224 12375 13999 8350 6323 
6175 17772 
27277 30152 11038 27523 
12638 17553 13027 23071 20315 26427 2891 10401 312 
8402 15635 14795 30323 3535 10721 

13999 23598 25302 24519 7604 7159 4244 28511 
29644 199 
9375 19016 
8703 30964 32543 25687 
3761 2466 10748 2734 
25489 
3269 31528 13520 
27693 8408 29196 7691 31684 9680 12981 
1062 7102 26620 26652 
21415 9911 15864 27371 1515 
31290 730 28511 31536 4571 28744 

3824 12461 18551 32595 21801 973 
25352 22257 584 
11662 31719 11557 
8287 21940 14213 3625 26164 25870 3161 15277 29487 
12339 8173 
27783 7185 15960 4865 20548 
976 21013 858 14147 16806 9176 24467 

24922 

4692 28016 27768 27229 15 26600 19716 28635 6818 
1520 30312 10257 6466 20590 7524 5896 13982 21892 
27268 11849 27420 31587 21089 25578 
25899 5278 20821 
15342 1879 
18847 32520 9913 25601 1305 27130 
10800 17590 3009 22264 13274 26623 
18995 4722 12991 11501 1130 

1035 
7278 13564 10137 27230 16862 
11067 14275 26836 15206 19510 8642 364 29898 13561 


25453 3508 10479 2826 30951 3209 31693 20551 
29015 
22758 4059 
23563 31095 
27213 29147 29984 6657 27761 
31459 24471 21314 
2084 8678 10486 14449 
250 9866 14517 8069 1400 4658 20533 
31703 27309 3406 4807 18751 1660 23458 30999 
4766 
10337 317 
6337 16028 1927 20022 23555 21064 
8145 27361 6043 17862 20220 16882 58 3516 
21220 30946 15800 13357 

13742 23250 14513 31398 18866 21607 28987 27916 
6511 31699 26363 9832 2222 

15994 15599 9504 25545 13823 9991 21782 
32638 17123 26814 7009 3363 1208 21778 17185 
19376 20699 2678 23407 24878 
5280 19903 21458 11795 6330 29345 25342 
17967 20965 11622 3324 9012 13396 4945 
24102 15092 28616 29546 30071 32104 24901 
24054 20972 26229 14001 14112 14098 12368 
16126 11116 26725 18193 