4002 1932 
13413 23246 13313 21916 30683 29081 2065 13652 14886 
24230 9188 28031 15132 21464 7906 15977 25328 
17261 15321 11485 
15392 4526 20190 29012 
20673 20605 21233 29595 1423 12080 2093 
17760 11009 21239 32730 29320 
29917 901 10336 16534 
30707 4159 10710 13863 18133 2351 28839 

2968 23055 13180 6822 
15347 22311 25176 2623 
15411 27584 7930 16404 25562 6972 11017 26517 7236 
3763 13146 30603 
7342 2364 27783 6896 16615 3031 21158 7638 22960 
9941 7317 32223 27531 
25504 11837 20192 3250 
15818 16789 21296 5218 12489 6981 28201 30674 
22897 12699 30335 15519 2831 5098 31784 25636 10963 
8656 28520 14567 27223 1482 8995 25809 1399 
12762 1519 
21937 3097 20559 4159 16260 1059 19928 23568 
17504 15416 13170 11702 2988 18895 29505 12760 28047 
10549 
2188 11137 25391 10308 7483 8398 29897 
15942 26576 18845 1418 
31713 31190 26784 
24855 26998 778 4096 8950 32600 28986 22090 
11698 11589 13056 32285 10099 10899 15677 4420 
6190 29781 414 25017 30662 1322 

9710 

21807 273 9995 19768 10910 
13380 2176 2968 25290 
10111 11357 17525 29825 24973 12651 27543 10450 
31316 11914 2491 4290 22066 
10175 2171 21133 25934 5181 21173 32051 13651 1054 
13461 17265 17095 22253 8408 32569 31347 5797 17847 
17060 21926 9429 18354 817 13329 32074 16277 3518 
19784 28849 6096 

29588 6576 30148 19132 2798 7540 
19676 12657 10539 24531 7944 1001 27446 
383 18123 25097 16198 6170 26681 6744 
24244 8772 19951 3048 11959 1178 9125 
13833 8003 28600 18145 
27920 26452 22373 14768 27179 16458 21989 26085 20441 
13586 12859 28195 26616 24993 20068 15750 
301 15173 22877 6753 25769 13037 31351 
19179 16392 21204 4073 19070 11394 
12868 16226 31596 6951 12647 3525 9866 21061 
10240 19670 5986 22798 10187 2184 
27392 20570 31437 26106 1750 26933 

24074 28181 
11404 16216 26144 22878 21858 
26074 32469 1920 2045 12487 3279 
1928 7752 13196 13783 24836 26250 780 13551 17139 

30780 17645 24103 31516 2602 29129 
17193 25626 1723 30998 16352 8922 14232 30566 25391 
22322 20031 
27466 890 22057 
758 30197 21107 13886 13329 

30361 24091 31935 24599 
4760 28138 15460 19394 22464 32554 21759 21644 25305 
19894 5118 8372 14861 22016 12138 
28820 2974 21854 6967 27176 6665 25929 9581 16599 
5472 29982 4945 15074 2111 
21593 12088 14952 772 6022 30325 6656 3928 
1515 15491 17222 11039 3714 294 31012 18374 
19835 
19256 31116 30944 29085 7169 12086 6051 879 
12102 8124 2267 5594 15230 
16162 22490 12453 13810 24217 7248 30390 19520 7983 
18236 21568 14118 15460 29755 22303 22705 21978 
16529 779 2058 
29944 18152 18805 17676 
22154 
14119 6935 14360 18447 26449 7314 18807 23792 15178 

4332 735 12779 23271 13353 
17775 5106 8518 5526 11373 26385 11901 19552 18828 
30661 23195 12563 
27484 
20117 6887 27367 26008 27822 
3055 14 14521 1322 3525 10754 

2509 3473 21539 21570 29434 
4192 9408 29035 13872 18169 
23049 10071 
29048 13157 22012 
23265 
26879 31075 26115 
415 32205 13559 20811 7774 13776 27738 7862 
20531 23312 10952 25117 31710 26826 23728 14549 23699 
11831 20615 26494 880 18664 5745 1944 
23820 26058 24696 30513 23843 16161 5931 

5199 31898 31186 31847 20569 
12154 10242 7704 28520 
23472 15765 7410 
24224 2862 13465 27015 9206 6551 13891 9018 16096 
25769 8369 23132 2392 7720 
4981 26811 29045 26035 580 29094 
24019 30493 9086 16537 1311 17050 16425 21303 17058 
4682 16574 4486 6361 
32598 30772 23773 12899 9608 9060 
18750 
6984 5386 
29601 3159 
11992 6974 1631 988 1549 30865 
14513 10515 18448 
18557 
1213 14235 8972 3840 23187 2886 20106 
22871 3345 
17256 6114 10480 13152 5965 
1838 31693 31859 2946 1892 29000 19616 
16380 30725 6660 13426 24185 2419 5339 22772 

31565 6751 24478 
17208 
27330 31740 24436 15040 19166 21417 5043 24352 21283 
2598 31545 3283 30159 32013 8160 27368 
12213 9363 18956 23251 22234 5452 19175 
29748 1840 31613 25518 17834 19778 13012 4473 21461 
1885 5235 19154 
30043 23729 29981 28773 10349 
11956 15027 29150 18843 5153 
13123 2874 9961 3140 30527 29723 

25230 29695 31447 27349 1056 1885 28646 29563 8725 
19019 10263 8752 7247 10733 11658 27895 29674 
21480 16648 5575 16968 13266 21042 
8564 19226 7960 2382 4016 28034 4186 
21528 4279 6731 13828 
21226 13806 10761 28589 21801 12865 

6657 16389 10060 29781 9262 22467 18473 368 1493 
9455 30192 1535 20831 14631 21313 2515 
8967 17541 1605 21965 7482 
5151 10433 
1272 22075 
17607 28481 20454 10813 17102 4791 
4969 31623 2067 15211 1648 19340 32011 7886 
15655 1806 13887 35 9602 1079 29500 
9740 7366 5148 18210 18607 27936 1059 17432 10827 
1108 
1743 13920 721 10008 19653 12458 28081 3764 26117 
31624 12183 27549 4805 
14674 28403 19932 
7292 14758 28083 4994 20646 18435 24721 25942 1346 
87 3049 5548 3119 4151 15319 20988 
32025 7627 3390 25684 
24223 18876 1548 4218 21884 16918 26879 27867 8495 
9814 2119 7679 3504 20959 13840 27471 
31585 8194 7023 17340 7114 29128 16855 6368 8114 
32589 8627 28461 8543 4845 2910 

21369 20098 22864 
4919 11248 9274 

28302 25293 16941 8115 16065 4792 32524 2311 18423 
8804 3760 28398 1859 21888 25408 10957 2696 
4728 

7004 
22241 22300 29281 19892 
147 23096 15402 10035 
19434 30747 
21975 13735 5976 12686 
16719 23565 504 
28786 30553 12357 7824 
3228 30350 26374 26019 29002 29313 5385 5334 

32295 21886 18574 4509 24668 28392 
6262 28295 8038 2081 
29695 3211 3518 18949 
28550 29852 
25288 24507 11032 24537 10108 15899 
16986 23200 22615 22363 15159 8928 16220 
28162 24185 993 13704 8603 26895 27236 29273 16280 
6599 27150 25307 10511 
13797 1701 28270 1624 10777 
26416 1209 18438 15913 2686 22740 22026 
2753 15908 21280 5602 15427 
20756 11235 20256 28527 32646 29988 19193 16431 
14541 15682 24205 9940 26633 14148 2432 27128 
9668 32275 19930 
1188 22213 23034 17496 31793 
16266 4504 20324 13030 10213 17496 6046 
31789 32050 25795 16389 12886 
10489 12649 8421 19607 20263 2770 5663 1349 12788 

24209 12594 30193 11577 12858 14408 15476 
1311 14639 17036 30725 
13195 1661 3219 3051 2973 1278 17736 11388 10727 
17695 31977 21932 5848 
20602 4137 7268 
8900 30582 4186 
19525 31857 1669 9334 17134 10976 31608 
23521 
4344 10533 
3936 7022 
17361 24016 14881 26381 10362 4957 
2284 23930 12144 31395 8610 
24829 13518 29390 16738 17279 2141 4539 
18193 27739 19228 
9792 20533 1489 
30739 13896 15123 3226 4974 17542 29958 
5725 26533 7836 

30395 9432 28674 19972 31005 32704 14735 
4951 13661 7360 
26432 20516 6800 29588 12569 


2162 7625 4169 26622 
12812 14844 27198 5231 
16942 23134 
13642 12415 1672 22545 21949 
14073 7255 15479 25178 14088 
310 14437 11036 30283 29306 24987 
27389 16667 31996 17198 9670 27406 26704 1847 27270 
31427 7715 19320 18681 4207 900 


