559 16725 24676 29558 27518 17020 
11259 5844 18119 23227 16276 4988 19317 8632 
22088 16453 
7088 27178 6388 
31231 23802 14238 32183 6081 7777 7827 1513 13217 
22691 17539 9567 658 17220 16945 
12986 468 
10890 
12496 23708 11347 5562 5831 
7105 16584 5543 13548 1504 17230 28821 
16952 5236 23392 15528 26411 27357 31427 20204 26941 
3164 4197 931 
17090 21067 31487 14510 12774 10609 

882 23077 25786 7542 18347 12666 30670 
3132 15700 4542 2595 4622 24878 16135 
30971 
23795 28108 9575 8654 
28902 5417 
21926 15726 11107 5178 3346 17878 26890 7893 
1564 10806 22808 22534 12079 25774 29414 5852 32304 
20251 31552 18058 13220 1773 
795 7857 30917 26896 15070 19233 25676 16547 15044 
31471 
17933 5596 17721 20274 5169 
15793 22350 26517 
1038 21384 5809 16309 10487 29770 
29229 29313 2912 24376 22160 7727 16748 8011 30003 
9751 20410 19142 
28334 
17464 18615 
28324 27205 609 19271 10552 13410 
6043 18799 
270 27088 29632 695 

32435 21131 
24207 14047 3446 29446 17763 9761 26345 21372 7443 
1302 8715 15741 29039 17020 160 
12509 946 13860 12308 31129 
25562 7745 30233 31434 1670 29231 9070 
23300 25997 10589 10843 29105 18710 24312 
22668 24526 29842 
27287 30916 19762 19817 21931 
1688 29176 21786 21609 
4249 22184 14910 15947 16382 15952 
32467 22167 28955 24510 28269 29737 17151 
30484 
26103 15883 
13969 6293 30643 3887 
2028 22344 26974 10118 29106 6506 
8116 
7280 12191 1109 9140 167 29087 3354 19349 
8217 25069 
14548 28152 22841 
32288 1421 
15322 
9888 

2373 17423 29282 4438 11608 30140 5742 19210 7894 
24579 7822 32611 
7158 21394 11480 6992 18687 461 
10355 

13203 1702 1818 
29097 11621 28285 
8900 30264 4995 5898 10759 
24920 32655 13418 22502 28839 9499 
21862 9756 2703 
18548 22159 24812 23340 15329 17784 2065 16561 24592 
4103 17193 31044 5995 12296 28148 18955 
29211 27152 
28598 7969 21610 15533 15293 6900 2558 2206 18639 
21842 1652 23276 25379 6187 17999 
25720 17304 12442 20106 23930 10225 
26992 19729 19440 5240 29789 
1036 22711 25427 1338 8929 5832 19230 8817 
944 10798 23104 10093 32461 
18763 4297 
27293 6842 21874 16439 7166 19186 32252 
30251 871 
15825 1846 32301 20580 23260 15460 20194 
31814 
27157 15958 5028 10070 6632 20577 6980 6951 10498 
18772 22805 10181 7064 10465 20234 16795 21290 30662 
16887 28800 29407 12431 
9943 1288 29570 25714 587 9407 11789 25237 19915 
5643 24248 3845 19399 2517 14545 
32696 2368 29983 24913 16986 16949 10651 1544 
17638 4780 30118 27954 6845 31335 
31754 6864 
23348 17200 9345 
22566 13957 22369 17588 17250 
22892 20765 19422 28616 
26705 19075 4791 17294 22904 30807 20016 29042 
4002 22135 21329 
2081 17728 6599 2605 8795 9641 248 17596 
8331 16023 19974 28188 1090 
26365 31824 7286 15442 
15574 
21238 16457 5388 27161 8811 9255 
9452 15541 6018 6200 6636 28088 21212 9780 
29907 19456 19732 2080 30410 20830 1581 31309 
8135 26689 4595 1395 19746 6319 3024 16498 8456 
24027 
16991 2866 4059 12077 28253 16241 21509 
3254 7351 23313 18181 13833 7043 25885 27336 8080 
22313 22572 26797 19057 26743 32433 
32193 6744 13586 25690 2969 437 13264 18207 
10816 
22942 6155 31638 24437 2851 23041 14649 2460 3846 
18336 29479 13876 19560 21662 797 7611 
21802 20808 32667 10215 16877 12027 29849 31939 2643 
28577 
13416 20233 1834 24089 30187 15546 
26213 10306 13493 
10482 17305 4956 8730 2654 10987 
29986 16239 15446 19532 19931 
22763 13491 2212 18223 25102 14418 
9864 13144 28954 26784 

11584 387 30519 23987 
23189 6156 31499 14093 16638 7147 
15444 21330 14655 3951 26591 25438 15118 6981 
6867 10648 22041 2718 11586 23477 
4784 32708 11153 24258 
21533 
13881 26149 2803 31259 2558 14155 
12085 18093 8989 22141 23734 
220 
9739 22777 17959 14153 21897 
21484 16558 2867 31904 2750 23268 14212 
4817 31736 31489 10444 27395 

27931 16421 
31730 23767 17020 5638 
11659 
26162 4091 25426 23155 
11204 4702 5688 20965 
5369 3510 25911 
22873 467 31823 11447 
15480 31797 13770 
25211 5341 22066 4775 12868 13198 25101 
21142 6293 
4584 
5916 24463 25892 
8915 27498 2515 4458 22801 1940 13916 25568 4835 
15433 4605 10531 17214 
648 22198 1299 19617 6427 24601 17364 13229 8935 
13272 27324 4582 6600 14710 8081 4333 21946 

29533 30809 14345 5537 15788 3115 28240 28788 25294 
32744 27944 
26289 3037 29385 9613 21717 29431 
10066 13469 19704 16018 
29204 7078 
24420 18116 1051 14626 39 305 20060 
22753 16010 28821 26418 
28611 
3946 30976 
30299 29592 3869 24818 
5149 15529 6112 
16051 6094 31630 
13297 17387 13752 24184 12863 21854 16255 
22759 11376 
29312 22802 18804 31294 3914 
6846 
21410 14043 625 896 

27129 31357 22049 8074 9829 20098 
17363 
31035 15628 

16458 15321 13728 20271 
28447 26107 18327 
600 25987 
5337 13673 15875 17539 13499 29130 7272 32755 
22856 11449 
32248 23079 20274 

8648 29662 4573 31141 17773 2665 10010 
26602 21575 
26027 18308 26593 437 
6234 29766 
457 17848 14421 30916 9030 374 3204 12477 
29044 30860 
12333 3321 28903 30103 8154 23798 7351 

17131 23118 17500 29808 27624 946 
17638 26141 8187 9305 29808 76 2816 
32301 22170 16620 
5387 1401 31318 16576 4841 15837 3893 
20405 9012 20619 25598 17071 
10389 20966 28386 
22404 
2611 18899 31064 16036 3957 29718 
6198 
1209 13573 2695 16167 21047 17856 25350 19681 
23505 3671 1732 27379 
15576 13025 30415 20360 28603 
14330 16076 22237 88 14023 21996 14645 
18927 29625 8246 19614 10681 
27450 27093 24458 30037 21974 0 4914 30202 5767 
15863 11560 19990 14493 23449 
26781 20144 14773 18825 19406 23075 18938 17555 
1031 3889 32736 
26719 
19333 16617 11695 20567 10411 9788 
29872 21541 305 19953 16978 19888 7585 
16391 18882 25774 2116 11583 817 9154 13504 15942 

23896 31031 19319 10267 3620 3461 19094 
23440 22168 


32639 2069 21609 29357 29551 13140 
2761 8935 10199 19949 3415 28862 
13789 31789 3884 20559 3424 
31335 6540 24340 17070 19996 

21557 6790 29180 
7752 17300 18068 15254 1238 14112 20852 13929 21313 

3465 15571 23960 12172 16022 938 19642 32238 7755 
30951 12542 
20921 27190 15789 15969 30487 2756 22691 26271 
28511 21142 
23092 5616 6 4548 24775 17592 15401 14143 
14139 

10639 1382 448 31978 9280 84 12495 4754 12726 
11361 13762 30912 14369 
20188 29293 29074 26722 6752 9590 26553 18763 
27298 19141 21277 7477 14779 
17539 30579 23674 
12158 4275 31591 20651 10903 13861 17690 26104 
12704 15988 21528 12411 24331 21113 17891 18540 24290 
31365 
25086 10663 10459 25900 21086 
19110 24413 25045 4599 10198 28045 25375 12517 11170 
14402 9350 26380 24653 32282 29685 25767 12570 19012 
24208 19518 2270 15446 15293 9457 
6815 25208 22025 29773 4335 
1277 383 14696 866 11154 8080 14603 8330 

27192 10082 11624 13237 27722 
12290 1260 22118 64 31798 27654 32341 15188 
911 16426 5014 24