99 18916 10554 22497 31792 24609 
26090 7938 24355 669 19370 6448 10825 11104 
21013 30962 4874 1324 9211 29274 9347 19741 

26520 23171 22188 20001 23935 22756 26734 12224 
21945 
20302 13660 20075 24689 
668 
5585 22373 
10803 13454 24167 31132 31491 13490 11508 
8381 28267 
23539 25682 27098 8249 
16800 10759 13154 26957 26747 4251 25354 
32574 
11679 
20812 
25060 28563 10153 27532 22386 3138 
25544 32331 9101 32322 14094 215 16907 
20322 
12225 13602 29376 12259 7985 31160 20715 
23241 30901 
23503 11303 29580 6630 20702 13947 32397 1256 13486 
20381 499 
30608 18205 19649 7393 13915 8484 20521 20629 1108 
4463 19699 5722 341 5750 21799 5165 19944 22776 
29348 32287 11878 25823 2339 29299 4929 5927 
28792 25634 13623 
22548 
16559 
29923 6521 1016 7449 30182 28461 1730 14808 5459 
11384 11288 23985 20315 30140 7512 
14052 25729 29805 16220 22845 
23666 29598 9230 7379 29265 20669 23336 
21987 
24174 13011 17815 30492 156 7449 3509 
435 8922 12452 26132 
18496 6916 19550 27744 5221 11518 
9861 7690 11800 21121 9604 7472 14989 14260 
23475 25786 5720 27930 1806 25171 17440 5623 5901 
32733 6990 19446 17028 3554 9036 21414 

19297 23347 30656 7428 
13645 32355 20251 32213 21480 
14882 5251 16419 17065 1860 1538 3217 8365 27491 

2687 17285 
12884 20196 28184 29411 21555 31374 4825 3287 

27353 3241 27742 9988 8735 16788 4183 16747 2700 
25235 18699 2585 12365 8490 30609 32652 29900 231 
7667 29851 

5262 32611 18816 503 8983 
15726 11394 15740 12454 
17037 15570 12780 12328 4645 18091 6882 3767 15327 
1823 8194 26016 7863 
13579 32366 7850 11146 3708 31021 3399 26918 
16587 3835 2107 3962 
3954 9598 5557 23789 23611 19025 
8494 30746 2022 18605 22092 
2735 1614 30568 3303 
26991 6532 25894 15258 7600 18866 20016 27006 2507 
29844 17845 30794 20426 

15967 947 5474 26367 3394 5304 
29661 
10053 14404 2634 6645 22106 13680 19611 31924 
23964 14590 14788 1235 16412 30049 16683 
25073 19311 26124 10959 4723 28262 5347 26876 
5185 20094 22472 8463 5122 13171 
23617 12440 1237 31754 13306 2214 229 
10901 12034 11643 4911 8184 5011 
14167 29038 523 14485 28925 11012 
7093 2934 30818 
28032 10313 29696 20333 
26608 23683 17797 16454 
16243 9606 5675 28885 20418 1821 
27230 20045 10081 21108 27037 30396 
12191 

16927 9540 6767 2175 
5970 5136 
20088 
17801 18043 25878 13459 22018 
11591 10361 16413 28020 755 11894 
21912 29563 7971 29678 12045 8446 17358 
5161 17371 24830 
4422 4248 31550 20704 16417 22131 15611 10343 5557 
2838 696 

30657 19445 18222 18698 13608 826 31871 2364 19558 
32767 21018 10917 14121 881 
31029 18245 14918 22169 5753 2795 29493 
314 
23797 31086 9574 1478 16030 
4411 28087 6262 5622 23075 14568 12940 5159 
27214 12203 6264 10432 30680 9583 13065 17719 20975 
13742 16172 28456 
12237 24605 12849 
8108 30756 16671 25025 29123 19441 18233 4574 
2684 26620 4069 16687 8995 1674 
601 15408 1871 
9350 1265 3376 24877 
20521 18470 15913 3979 9899 
17638 
4410 32424 1424 17077 6855 13153 26164 27471 9400 
8279 17510 11101 
21720 22784 16614 22627 28340 11264 
25912 18336 386 16106 5793 18878 3657 
7735 15584 20703 2648 9175 8882 30520 11922 4371 
3137 6384 18588 10667 19955 6413 11777 
29233 9537 24537 20551 3230 24920 4185 19275 
15741 28524 8520 32565 
1715 4583 29830 17576 7980 1217 10630 
16818 16512 21186 23737 
25397 14058 16623 19458 19809 20780 
25974 22263 30615 828 5505 733 32708 22532 10979 
28861 17987 2642 8575 21979 
8888 6100 27926 

15532 17455 31614 3817 30342 32625 32273 
20305 24906 25740 16937 10544 6472 26574 6642 
31506 32701 31281 18756 12373 13091 25061 4813 31710 
18799 12728 24534 4932 

13001 21763 26303 
23340 21366 30876 
4244 2990 31072 
5 19162 
463 30160 16473 14139 12397 
17847 2885 27775 
3076 
23617 18125 27391 15475 9947 30111 22128 
23817 10835 22700 7878 4997 5300 22661 16922 
12594 2875 1883 915 19320 29726 30631 
1226 9362 
10744 2564 12719 29290 12016 11096 
5194 15197 32515 17184 


19974 1445 8209 17035 28578 8910 7554 22624 
6087 
8600 4950 1091 
7965 
18767 4652 1905 16658 6134 18148 22460 
9739 19982 14544 
22121 4394 3123 31268 28063 1287 19819 14907 
16114 15855 16515 28750 4790 31597 27744 
11230 3684 30903 28269 24151 
7031 17381 1403 28361 27950 32021 11488 
8516 
17901 2665 9420 31227 22125 7267 13293 13340 
3328 
15243 17006 25236 320 17454 20852 21606 
18922 17656 14007 19022 30071 27166 28451 6262 31691 
17117 17568 6936 29447 30508 2237 20004 8865 
3210 30210 14683 
14734 21468 13156 9331 14509 26372 28642 
16756 22149 16551 6615 3033 5032 
5102 78 14285 
28882 32432 23743 10479 5653 16088 28461 9556 
23915 10392 
17725 14404 6992 22528 6130 
32037 6082 
1218 2872 18254 
32181 5671 2037 26959 654 25333 20575 15841 4193 

15671 3331 25052 25159 20614 20023 2142 4459 
9057 25175 
22305 24469 24905 6659 18982 

26130 25015 17439 23301 20584 2110 15854 23653 

12694 5063 
26144 
13726 17173 
6455 
15166 6355 22531 17230 20837 18261 16425 

13061 3897 1992 
29096 28459 8584 26918 24904 
9293 31346 31706 22874 12340 12501 11211 14525 13071 
9952 
3840 27391 16993 238 3357 28969 23559 31629 27354 
22123 17512 16189 20857 27239 13672 28745 29914 8579 

20094 14803 20340 25531 
6831 24453 16725 
19990 
14351 28193 28844 14867 19564 21989 14010 1164 3535 
16852 31071 
24205 8581 17398 31718 25227 20603 27386 
10587 21560 15728 3006 8248 24761 8755 18681 1611 
10793 4386 2193 7161 31188 634 
14399 23876 9218 2482 

23245 31923 32561 32406 21243 3765 18212 
29526 16452 

18401 12522 21409 2770 4721 20965 
20419 8451 2091 16233 3066 30770 12977 

12405 32358 
28563 15193 2749 11474 13286 27436 
19712 22442 28769 28976 11678 
24326 3291 7872 3299 6065 6443 830 
7218 
28538 16651 16616 

15343 31263 13181 2535 21821 7858 29684 
15346 16397 16610 26913 9841 28109 21068 12883 
6716 6376 25503 
5241 11992 9488 16866 7508 6374 21599 22615 20358 
23123 7436 1219 
32450 
11738 25172 32277 18134 7773 8081 10256 17530 14871 
5263 26300 30579 18010 27273 27115 
26203 
11547 22797 9134 3409 19395 
20259 4323 22234 10281 10164 17417 27235 
24486 19065 
2477 23908 3183 24438 27630 518 25851 10141 
28377 1882 15973 23642 18324 502 
30637 
5963 
3983 3873 16994 23949 26976 21002 19427 18300 11903 
4887 30197 10807 15453 990 26582 11319 
9250 23951 5543 14990 18066 17660 13454 
16577 21123 9546 15672 21282 
3864 9953 
10898 2328 10811 10080 

24546 32673 
9955 15533 1169 20819 11774 14832 28851 1765 
29402 25608 
14037 5674 22229 22655 2459 20049 12783 
10213 12757 

3791 14402 13809 3790 31893 14821 6403 8770 14498 
23782 3720 10265 6572 4187 
30571 19595 27021 20744 29062 7480 26080 31494 24701 
14567 25917 16970 7976 8469 8436 
30