9976 2961 26514 13422 15277 5019 9647 9044 2785 


29721 17654 5196 16071 12531 11200 27814 18257 
537 28684 
13217 14473 11483 30361 30443 16642 10372 32727 
12549 17423 22170 15107 21727 3047 
20613 21190 19153 5947 8847 3248 31472 23542 30595 
3189 30367 
7226 23394 3093 
16110 3850 47 18460 
17298 25724 9348 5395 13427 
30853 1364 19997 
32027 31187 15730 8021 6157 2141 11682 1184 
20599 24663 5117 20726 1494 15998 26867 20363 23864 
1162 7167 9006 14353 8129 14773 18565 15597 1036 
12297 18817 13838 3526 
27136 23308 4557 21400 17044 8314 18713 
16651 16672 8758 5295 
18500 30029 9373 32098 21205 
19165 5953 26866 297 13845 8037 16293 10271 19475 
26196 7349 19209 31864 25499 

13603 16416 11563 6513 2855 18795 17417 14268 
10478 12994 1488 20424 31643 32165 26291 1036 

12377 16922 20706 9727 16056 15415 17375 6698 
31443 13650 19368 7037 16215 178 24911 4567 26936 
26581 29009 12044 32066 10280 6061 6226 21536 
17597 22045 8790 19590 11329 28842 
7212 7608 23078 991 
26809 29552 19787 12432 20270 834 3450 26605 
12301 17795 23789 31473 
13704 5866 30079 8375 23609 8916 8886 
10008 21029 11255 6250 22614 5203 
14861 27483 20464 21083 27580 5095 21555 5138 

16683 5675 30939 12201 6875 21744 
22733 5966 964 21909 24654 
13651 5223 11711 26140 23572 25698 
5080 21474 20869 11426 29653 
6102 
17055 31312 7955 

9329 388 
25396 27767 443 8949 3365 31830 30612 18938 
21735 14855 14553 18214 
12848 7429 
2359 14510 25549 24482 11980 26424 
30709 8764 6461 1018 5848 23215 19116 
21439 9061 18501 
7755 31445 20560 
14673 283 

22748 1821 
24814 25976 12812 
5649 18196 9343 6728 2563 2386 7746 926 10644 
9598 1186 

14105 25780 28866 516 4383 9215 29461 8633 

20207 26010 3709 13477 31984 
2387 25101 

19781 10345 3248 
27589 26696 4210 12584 16998 
31091 29991 
4802 12737 8875 11213 15614 
31797 12348 13670 21989 18745 28861 11802 
2010 969 
31971 15401 20817 
25991 13234 6874 2642 7772 14134 20545 28237 16175 

780 18319 6722 
8702 22301 21189 14291 3063 7782 20773 5271 1091 

31397 7036 31221 

18763 27211 27730 14877 1184 20290 7010 18886 29086 

7843 31848 6398 2758 27737 25740 
29974 3566 8852 11117 13637 29380 
12137 14487 21245 661 8804 21810 1459 
6408 
15913 7825 23306 93 32670 24231 14011 
20312 18702 30447 494 14646 5364 22796 12041 
13742 25332 8738 31529 29410 21753 12953 24908 
23820 26355 2438 30217 
14341 24108 
28402 25687 
1545 14943 29019 17184 9158 23114 13963 
20210 3920 30470 16677 29325 6053 31084 19479 10478 

13194 13983 
23042 24586 20913 26253 21904 5208 22684 7018 
22270 20817 13231 11351 8147 5440 13809 2471 28478 
24042 27657 32513 
11833 17367 32498 
10735 15704 7613 26385 
30317 10427 15461 7432 2727 24316 1046 
16159 3407 
3768 680 
28944 30377 21618 3769 
22091 24611 18818 32127 
25854 119 15534 32587 19426 
19582 8528 5954 5482 
24339 23745 1144 
29650 6218 25129 7927 7977 28350 
11977 13366 26435 26940 2470 639 7014 25428 12197 
17359 21890 25067 12023 2819 5803 27265 30933 85 


27319 15005 11742 
27984 19215 20041 22544 13929 10686 
15725 21112 19689 2048 27609 10980 32296 
21552 20388 15900 9054 30560 20988 6815 26770 
17859 10210 7304 16397 16823 24072 30852 20320 25370 
27301 9993 21365 23069 
7756 13280 29991 25590 
29695 1090 5187 31676 29822 11582 29477 14372 28890 
16113 26316 7066 18705 9799 
18275 20106 353 7594 13773 15352 12504 14209 3205 
6236 
8422 3293 11335 7642 2707 14833 8178 

24733 4913 5954 4803 25918 21478 
26215 10708 12378 7696 21931 3599 3717 31786 
27956 29326 22620 9494 
3876 
22630 15887 
21769 28320 32260 30666 5326 
25578 10642 15217 6294 10835 21097 32693 28299 

26298 22101 26247 26408 
24787 23523 17786 27017 
28886 30504 25530 19551 8108 22391 28758 22076 5902 
10706 19374 11300 3684 2124 21952 21844 521 11253 
23846 8141 31128 8383 31405 2084 8648 
1151 16661 22081 22376 30763 26840 18515 
24802 

25836 27818 5628 1565 4914 28057 4111 
25986 26882 
267 12123 14205 32133 12677 18734 6924 15259 19809 
23377 
17248 3836 
8426 6676 17958 3156 26272 

10325 7922 
21280 25002 2083 24777 16230 27873 12143 
5666 19334 23545 

12291 13347 1670 22308 4952 5368 


8762 18922 19855 27454 28630 261 5801 
13451 16928 30264 25401 
4240 3363 8146 9435 21981 22672 2496 
27091 23605 14555 18627 
29423 
22081 17834 13257 1600 28547 15575 32430 
1652 14716 
11468 6023 24697 19142 
29885 24165 15909 
7606 22720 22569 6693 11684 31329 9917 25148 
11358 20578 32738 2442 31696 8093 5754 17007 
17356 3495 

30345 19021 8370 16253 
19428 
151 24513 1324 
32436 
20090 26731 28910 10874 14966 8995 1660 20747 
8010 24737 27793 22868 22972 
11504 27870 1912 28199 19142 
5524 25815 3764 

911 8879 4176 1153 28254 26784 
10529 27206 22517 15293 13693 16845 1714 6908 
29341 
27416 11019 6672 17017 8699 
11248 18953 12180 15646 7766 15498 
26396 6633 
5631 6748 12286 27624 
28304 26586 18900 6977 21263 3084 
8329 9854 20375 18710 18339 20732 29105 
7504 30666 3820 16560 3621 22038 
8020 1233 21999 16054 13508 27265 27237 17795 
26897 28727 20704 17858 
32058 30454 10533 
15642 7896 30931 4509 7119 
19049 28373 28498 30812 27268 11008 12872 
8885 9963 12513 15861 15886 17800 25875 

12049 5854 20915 29029 13477 25880 7360 5078 
30222 8141 27778 32037 15928 23492 23773 21831 
16340 816 25872 8230 22381 21781 5492 12699 23159 
7440 9512 381 14041 
1781 
13906 17118 15827 

23503 29900 12701 31570 17786 

14645 23103 25954 

2053 14778 5567 13651 1715 1703 28591 27663 2005 
20700 15233 17739 22432 32113 12437 13475 28350 
6115 19345 8785 6266 31120 7248 23901 5358 13322 
13577 3766 455 15696 32499 6934 18230 11758 5801 
7555 17338 9426 3896 19803 6485 15543 
6918 22407 
26406 11752 26133 
9712 26728 2192 11556 8802 20464 16166 24121 
16390 28763 7301 2949 31361 11269 4673 
30156 24052 
20328 23283 
2084 4611 
17712 32094 
19935 
14806 13163 29912 9296 276 28085 

3330 4686 
24368 27136 13787 
18386 19420 
30482 20651 10957 10126 23861 998 
26446 
18885 12766 29406 31024 21701 23936 2312 8483 


19973 16048 9746 7841 7361 27385 4338 15506 
30869 
13985 12124 30372 8333 
10967 12803 28565 11278 191 7804 24768 28864 21121 
23513 15685 
807 3379 5261 23097 
2632 6188 9715 31783 5919 10316 6574 
4157 6731 29476 29137 30439 26009 8273 17795 9200 
32634 
3815 25158 32160 15219 15013 

24473 22451 19833 28352 3458 
30808 23069 10404 22361 16952 4535 15866 30007 
27772 32163 4513 27612 20080 14754 25687 16460 
3444 
11459 17493 11996 7065 3143 
14767 6850 25063 11416 
7551 2730 9239 4720 
18867 10488 16890 17026 2776 6956 
943 32318 6377 31043 
16440 19162 21632 22611 
23233 16365 28206 13653 6016 1639 2891 
12083 27212 21257 9389 24938 30623 2963