 19168 
12155 14384 3164 30106 21485 1254 17950 6058 7884 
3814 
15614 22779 22210 1415 1708 7810 4559 15821 
25375 6534 18491 11210 4324 27056 
6601 2337 30171 13143 9180 19537 
5617 11000 5366 18227 
6601 6945 8526 11859 
27040 1925 13829 16320 2696 6013 8187 


29724 31799 11998 12191 
14829 1730 14051 12884 23197 8088 
7874 30554 20533 21740 32290 28335 
7331 18888 
28311 5697 6849 
5710 
813 13402 12450 
5158 20488 21101 
26892 12417 8766 12965 30759 1438 20899 11845 29470 
17893 30816 1258 14543 8728 22110 24807 
3868 13472 3399 
28664 16332 321 4651 27957 17488 28961 16610 16760 

4682 21987 
24761 20294 3699 16733 22813 6266 6634 27507 
29281 17242 
18976 471 27965 19071 1339 

24950 18355 25244 32325 3898 
19282 2012 15150 23203 4286 20721 8778 
5144 26538 
14408 6406 31055 25918 29782 19931 25859 16408 10334 
28832 12833 12205 14963 26046 16922 29194 
8865 10851 19433 17515 30230 23030 


21540 4176 2048 21825 12083 18086 
18347 25519 
26337 23687 23185 30642 28222 15824 
14122 10005 1799 

8127 26427 30439 24058 

8078 11270 26585 

23547 21036 30512 9720 31794 16617 5607 
16849 10503 7520 15644 31435 26133 4920 23359 
27691 
28247 18265 9604 32494 20369 29086 21141 17941 
9372 3320 8709 7819 20282 7828 

9737 22229 28463 372 26397 14406 10637 2633 26501 
30602 3463 20024 21103 32370 30405 6487 
25813 25666 18776 16447 
21459 24727 23693 25648 

4173 
24585 8655 9663 24054 22369 13708 31623 
31004 
2731 31035 
736 28657 19964 6548 22950 24917 
30581 23588 
14630 4172 7292 4327 18268 
1178 8363 19317 8255 7167 
12095 4786 
18997 29691 29999 2790 6924 27971 
9681 17754 
3745 2347 6847 9853 32634 11879 
30245 31440 
786 14601 3398 5892 2159 13954 
15680 21536 563 83 25579 22907 12801 25304 
25222 30794 
17161 
13926 1468 13383 
24180 20074 
30580 
31932 
20156 12152 32558 9936 15107 25341 32328 16659 27656 
19506 7481 6204 3364 17109 26107 19269 14133 11687 
4266 13106 6952 31279 19365 17661 16125 1253 4434 
2035 30743 20288 8506 32440 4268 11820 
18846 13057 3623 
10795 30333 8884 27243 13770 6941 7451 4307 
13627 22767 20312 8866 
25327 30184 28715 16911 31824 8219 188 
1457 24486 7263 21317 28648 3578 22336 
29393 11154 
22187 7815 27655 
16826 15418 9372 12839 
17372 13717 29325 6683 178 11834 25051 32619 22641 

15352 10123 20690 
21367 18926 15097 20839 
26083 11418 26208 24554 
25404 10422 

24079 21821 14029 
24254 16640 30988 3370 
4691 2882 7321 7213 2522 
2252 5641 23388 11679 19652 1210 
25449 10470 20157 27954 2917 

27033 26664 9947 4264 11601 16454 28158 19246 17215 

21448 10291 23052 23612 26712 1662 25334 16952 
21313 25871 23950 10287 17502 
2855 
2888 
780 16295 32027 2505 4590 
13166 3702 
18054 3373 
9171 3645 31921 32292 9538 

15737 32336 20107 4891 21672 
26999 5409 22854 16556 7086 21657 
30893 21423 14639 31200 
31716 18572 27877 21365 
4809 30739 16361 30615 24000 5096 878 
2306 3318 29035 14482 31350 
32685 20629 26272 20233 23109 23 7351 17282 14541 
1871 25177 294 32520 8716 

25114 16567 21824 872 16681 2700 4196 12838 25067 
27219 30948 25227 14793 23450 30060 4775 9287 24269 
29252 20194 28342 31033 4976 12538 2085 
5877 21564 

28605 
6752 13975 3490 13881 
5008 25763 3678 26701 
24777 13787 31234 7533 899 18514 124 20269 
24260 
18023 19989 24113 27911 30859 
32059 24798 7646 29660 1704 10740 28548 19672 
18705 14579 30753 
30630 23807 6327 7795 4886 3539 7858 
8726 23672 31979 22118 21388 7476 23331 
8464 11572 23227 
7543 277 2630 6167 17451 
15336 11786 5696 32003 28786 25017 24226 
31086 23573 
6740 15157 7677 24390 3981 70 
21506 28042 16388 26016 31102 18866 28712 
4646 1171 32187 415 4214 
9681 16818 9035 13083 17695 2483 28859 
27113 30647 11771 
18153 5555 7301 29992 8008 22920 10478 
14336 13629 19989 21260 24804 11264 
275 8970 31328 29259 7802 24205 5820 4327 
828 25924 2728 10981 
32580 23163 17740 5774 30172 32594 29335 
26114 14264 
10149 23906 25665 30109 10175 29961 24889 

22924 13704 12278 
29486 29199 16992 22569 
9211 
17540 
4530 
8077 3321 13204 
3718 32760 11309 21042 
4597 29384 
14630 8205 21438 843 27224 21978 
1042 24156 
8668 32546 6278 2494 18181 8649 14471 
4559 13842 31057 25169 
6538 20777 2905 874 
5779 19195 19157 27575 
1074 10572 29872 
11311 24074 4219 12335 
2679 16122 17619 4329 25104 
13443 4471 9870 29495 8905 26949 14214 27370 24599 
1754 27917 3669 9256 25619 20459 25918 30203 15130 
4771 19215 243 2625 13390 3207 
3990 28793 16550 26180 36 18650 
5480 3527 12810 
32284 8542 16503 22522 24662 19019 
6779 8756 12989 17884 1056 22708 20750 
3113 4288 25404 8429 26928 21966 30822 4261 
17222 10455 24030 8233 1924 32195 6696 
30587 16680 19286 3068 22805 
22371 16580 14063 13312 27795 19461 
31871 12127 7880 26862 26558 2953 3584 13745 13325 
23118 15758 20858 17278 11004 12116 19216 10413 
5966 13442 20962 23899 12645 6768 20271 
31475 29032 
987 11751 
24344 17189 15330 8172 24296 28363 23906 
5541 7541 10537 17523 23970 
6623 9702 14480 30576 27797 20374 10490 21038 
22703 19842 12062 3567 26986 12330 
1555 23208 31931 31684 5652 2262 13216 3195 
5981 25870 2249 19212 6938 1638 10601 13488 

31521 
1035 2066 27934 1860 
28921 
4274 15419 32402 20209 13249 25252 
21260 28099 24113 
3973 28361 26233 15180 
12347 30016 16949 20632 24934 2534 

8145 30266 32158 17399 9453 20871 30590 
10755 11753 9048 876 10402 
10362 30338 3078 28863 4845 4633 23416 
7853 11205 10566 21416 26211 29308 11599 12778 
25618 4294 27284 11883 9348 
30446 10394 15907 11414 
18954 31271 

25059 8718 25699 11298 28747 

13766 24773 21055 16889 21491 1582 
23756 23114 25382 5327 23651 26542 1801 24953 25942 
576 15372 
4265 26675 29449 2403 21828 
18040 4494 9372 10450 4844 
18065 
26807 27259 13604 26141 8710 24661 
3514 

125 7847 31168 14555 29233 
31327 2213 
19707 30628 16358 5704 22939 23531 
20391 5857 11261 3325 18566 3676 24196 19026 1458 
20138 11942 15201 27295 29387 752 
22712 20335 15315 14525 7916 9645 
25135 14096 10432 
15359 29035 
18357 21539 25212 19769 32419 16422 1610 
13430 24726 18815 
21409 31679 25016 9533 
17752 11799 4470 30773 1352 22293 
29229 8212 4504 16279 1531 13623 20361 
16652 2507 9224 9269 12884 18530 21420 32657 
5473 7415 19418 22418 

20855 24795 

10895 8342 2195 2961 4255 22827 13655 5797 18449 
30354 3965 22691 14985 14374 23012 9421 7241 
30344 28818 693 21643 4733 1085 31805 2530 26175 
30833 18294 14845 18159 2887 
16267 19429 23753 11815 12236 32403 31205 11471 
32473 3593 
28438 17699 10264 22702 7181 15697 20634 23762 6243 
16443 
25893 3714 1914 71 15570 10059 
13555 26724 
24217 9087 6059 
7331 14857 23358 496 18669 23145 19359 25364 14015 
27550 28764 16511 28674 8368 
28824 11987 12667 4054 27401 
1217 22672 
22