1619 20620 9463 2029 23562 11947 30240 

27828 20169 8550 17089 
29548 
14043 
30743 
12321 
7292 18727 
21495 5182 6591 19194 29531 27208 9005 8016 
5784 30994 6529 29269 26555 19383 4003 
20341 
5949 
30857 5643 13285 277 7212 7941 5808 9658 
9322 
18799 
32333 12696 
31967 12606 5926 
7125 25234 27798 10646 26429 32105 
1121 3860 29605 32568 16120 3956 15684 
15267 31701 448 31705 26242 527 
4904 17693 

30521 22654 28124 17736 4755 31816 25895 3135 13714 
10565 6065 31060 11790 18254 30905 
22645 9473 4908 
27883 20372 11257 27219 8912 
25512 25068 
12082 1755 18028 4070 
26041 30169 518 31461 22891 15959 27448 11166 7197 
23753 
31481 1407 21780 
2042 19491 10155 29865 4217 1331 26702 

7448 17083 1634 16008 2025 31093 
11648 20106 31158 14468 563 31470 19043 17040 601 

15778 30544 15977 4495 20260 29073 4174 
23498 27266 4729 23340 20426 3911 7537 3083 18509 
7571 10443 10553 2414 8062 9773 
26013 17969 22261 
29150 12979 9262 27615 14677 9807 11936 10702 
14292 20112 28496 
7263 13082 10729 12384 28985 27518 11026 
19019 4876 6040 31974 30241 1546 12931 
8136 

10665 21546 4810 13776 29822 12422 13853 17525 1427 
4756 
4583 29752 17986 17678 
11901 5416 6937 4229 4602 18931 
28589 26724 32682 11190 18864 19816 32238 7678 11776 
8073 3903 5559 25017 16426 12377 14982 13663 
11242 
29001 8678 16461 13204 17371 470 10174 
14184 8830 14015 29681 30605 29110 5142 21911 28057 
16465 2992 29953 7841 32314 7262 
3619 18198 5270 
804 26609 5271 934 9439 21816 
20591 23947 23867 20838 5371 28300 24887 1697 21443 
14481 28512 15501 32119 4079 8685 
6671 1359 16020 2792 12346 17703 8405 
16693 12763 
27958 9000 7337 14443 6971 19301 5233 3012 6162 
26397 22233 28112 5072 26567 22005 
29733 
25241 26707 13477 
12388 30427 14168 750 
28411 16402 25549 12943 2815 28054 8149 4616 20866 
28536 19506 2327 22098 23019 997 25347 5416 
6961 
19892 

1442 26059 3948 3517 31099 13922 32159 

17955 19529 254 23405 22056 27384 25092 
9279 21037 14268 13365 12346 26010 
2442 21164 8293 
22131 12507 10282 2568 7488 155 31399 30053 28307 
173 998 2433 7920 
30358 3627 22147 24707 17051 21293 16397 
21056 4279 25856 4516 13244 9678 10989 18859 9406 
17728 2793 30382 10807 15322 6849 31579 11507 7307 
27272 10023 
23834 23590 17927 30861 
15929 6672 17511 24209 3552 5311 7237 10029 

15635 20572 
3859 13809 25962 7422 3513 
30267 23126 20196 2368 20445 19886 
13157 21166 
23712 6610 24705 

2463 22712 11981 20445 19657 23381 13159 
9460 13501 7797 6770 29116 29418 32484 12246 
25743 29888 7240 24128 21733 9239 25846 

17084 31078 6896 11575 3666 16053 
24869 23925 25644 5697 14759 8369 26884 6808 
6721 15438 24680 1803 7458 
18860 31024 24763 9557 32706 
16201 3065 
8331 9464 17387 8327 1839 
30258 26383 8429 15259 
13424 

10502 28938 24459 20427 13151 13270 
8863 31836 3656 9475 4553 14545 9712 
23892 21113 4815 27807 22699 23945 24708 
3334 1641 1092 19783 756 
5016 551 30013 10374 
11418 18370 9726 
4391 9419 3925 9627 7693 31827 17687 7443 
1704 8163 1572 17120 15146 25981 4065 6132 20256 
32690 12475 
25504 22703 126 27928 29037 11906 

11015 27825 2809 7444 4168 
18142 20005 27940 24384 8724 28184 4667 

30603 25850 26466 30926 

19112 30616 8081 30314 25731 5415 26619 
20423 16257 12189 8553 10386 8072 
30670 
7996 12995 9268 2791 25045 1659 11862 19545 26518 
6317 9660 30619 27241 15915 
12972 23566 14800 16365 
12584 15950 3887 25882 
9973 8531 3846 24600 1893 
12505 3790 7256 3964 5680 22524 29270 29415 12105 
25048 
27136 25430 11508 
30562 27429 669 10311 24771 
32165 28648 4160 4616 30523 18814 
2162 13806 
5489 22326 22273 861 24458 27391 19505 13759 8407 
5704 21970 20867 1696 12565 
29389 10481 4484 1673 17496 10692 5572 
31672 
23818 18332 26390 3120 13538 447 10044 23745 10609 
999 19339 19900 
17010 23766 4008 2498 10455 29713 8525 926 4197 

16029 27198 15604 
15908 23851 23126 21579 
3022 6217 6337 26558 8633 9069 26560 
7001 32591 12387 14858 29648 32093 25895 
23177 24513 6452 22295 
7244 29240 18402 
8796 860 8620 10656 30204 3442 20235 28858 
11248 21279 9434 2036 
4556 7060 14850 27084 22619 29547 
31523 28435 20439 23178 
7555 910 27703 9383 597 19527 
24588 15024 9069 21702 9151 866 10699 
16076 22662 18553 
9129 21101 30288 12760 24456 26473 
20919 23827 8336 298 5634 1336 
24012 
15688 22865 31190 21347 9658 5574 32194 27051 
28844 12583 3981 8193 22593 6898 1880 14258 
4404 9651 8820 

2253 20990 3894 18984 11517 20425 11829 
22740 27057 9444 9989 24327 
30515 14389 10827 
2713 17873 9843 
6076 14731 22594 29386 15548 
3819 31480 19877 
10087 25432 11603 18161 7245 3263 30975 20337 7905 
24256 5267 20224 
5072 25647 32015 31705 6161 1931 19093 
79 27156 18655 22613 
5936 181 5034 32625 1245 25864 5157 
4718 12252 18564 31899 16921 940 9336 23625 30435 
11896 30248 
154 180 18321 16934 
6027 22636 7833 22348 16020 29191 20834 
22298 32381 21563 1195 2096 17268 5786 31123 24090 
32462 14417 
6328 23192 
21349 19455 5062 
9214 443 20683 20125 22704 15434 11235 31713 6217 
21337 14067 9310 9444 1511 12000 6852 28678 
32035 17980 
11955 7295 29286 10452 13013 26368 18417 21151 

200 
10262 31965 12657 32259 31758 313 30285 22683 
9259 12524 32684 32429 17540 27444 12705 554 18323 
26943 14662 14264 
18521 30398 23573 3591 5145 30641 3843 12099 
22635 30113 18864 
27930 21377 
27458 16202 16739 23107 4261 
22273 5175 15567 20600 254 20655 19268 24466 

1334 10608 185 11482 15366 21348 24690 
1076 4731 19338 31260 28087 3212 17353 25522 26256 
20904 31287 24074 4642 
18388 15681 31446 5356 20139 28059 31332 27834 
25559 16385 6948 28630 27853 7154 
532 4676 14790 7426 10715 6906 8560 21059 

29112 214 28994 11390 11147 19093 13918 29145 2539 
24367 16768 28644 27180 
30943 5201 3427 27695 3208 13566 8953 3414 18902 
7252 30025 16534 22627 32299 16317 14498 
9474 14021 18944 25390 27422 5301 3520 29764 19489 
6805 22046 25908 24419 32 25444 
24437 15084 30282 2141 7462 19065 30955 
2221 5988 16822 10704 21819 14690 3105 23982 
4960 16630 1906 
18822 11348 22202 24388 6115 26651 
29427 
27044 10307 18308 20319 26536 22424 28054 7378 
667 
25370 24480 16835 31800 
17679 26732 7910 19691 6060 

21961 
11348 21855 29661 19930 23539 24296 28352 6716 7 
27981 
18313 7182 3756 30966 6193 
1067 12985 12333 2383 14868 13212 
26154 27319 
2835 9763 23904 30030 
16707 16218 23674 
12813 2440 32201 8752 119 16312 26773 19273 23126 

26902 15896 19601 23974 16480 
13064 23839 9354 26800 5467 19148 
32622 5996 23028 19133 29675 21410 21875 1691 15017 
3882 20398 21381 17120 9153 29042 12559 
12471 27130 20054 
4753 30803 20736 24990 758 31801 603 
29078 14327 26503 
32684 30661 
6004 17578 1771 20205 27329 12162 637 25988 25401 
19