68 26303 
2341 30920 6028 1774 4716 5580 7817 
8321 

22361 
29079 258 24743 8387 431 4130 20998 12922 9123 
26687 16531 3162 874 19135 28732 7531 25456 20174 
2601 
12325 
1359 3937 
17066 10551 28265 18433 29762 10507 8535 30410 
28924 27740 
20879 9033 17904 15487 16286 13103 32501 6161 11217 
27071 8685 26136 28262 4214 26797 
9850 12463 17795 15146 
31120 2430 25954 3851 21752 8653 8717 
17700 29361 
4098 10478 22112 24246 13596 26622 32373 
21493 31880 

17999 
14378 21850 8041 16087 8179 16191 30133 30326 29078 
31798 24398 12381 18518 17752 20095 8268 514 
5495 18595 
27700 22836 28747 
523 17018 26817 30756 11406 9598 10207 
27690 29737 13339 
28088 28804 6934 21509 10896 3352 
23765 11804 27760 24970 25148 3800 10335 
25068 24818 20900 2695 11331 7676 3125 265 6842 
19562 24906 18368 
22648 27552 28966 63 16229 10366 
8934 13817 7686 15390 31290 11099 
19555 9229 23663 9888 3234 31946 22694 2270 

20335 5171 
16956 30465 
20234 17477 4771 18975 24790 2553 
29327 4028 
25640 142 
21615 28705 10966 25335 462 2027 
25298 7 28588 16480 8080 
20669 11420 17529 
26991 7891 22198 
5254 5785 21516 
22996 
29941 11095 
2547 28703 6104 27489 25505 31196 
7660 83 523 
31257 9797 3547 

20945 10657 15671 3259 30604 6498 
14294 24799 31575 14191 2405 
10374 7999 2505 2616 7666 8625 11192 20893 
1559 20844 


18255 5957 16506 11933 29739 26908 
12530 

13800 
1907 13267 31863 29462 
13492 
20239 2492 6374 22315 22301 
28363 4137 4032 9557 9438 7447 4521 10781 
12397 314 12949 3610 26862 423 6012 
31015 29442 5834 15317 20904 31417 13905 7653 18179 

26584 11399 586 24432 
6342 2090 10094 19827 25232 4799 
19990 10441 22336 11025 
31390 10932 11916 29079 5884 9816 31782 13798 14448 

17488 32684 5652 12765 

32517 21782 8617 
16082 26085 13026 21335 3576 11746 880 15834 
31281 
20987 19026 20195 21595 22669 
7719 11696 1272 21477 796 23268 27474 
16326 25127 11627 22880 16814 
8673 26937 12896 28319 6107 14718 674 
3675 14058 24915 6898 
25982 22572 24352 20704 20663 22219 
21120 23904 26125 1683 21733 
26493 31555 2939 22292 512 
26248 28316 17652 6331 
24010 7339 
19609 28124 2955 22990 4816 18763 
8778 18365 19554 18944 
14764 
19447 29138 10578 31426 
30983 30247 1169 23082 
13934 30360 8438 5605 3705 14466 3232 914 31539 
25936 6832 15212 17171 10140 8384 13626 10348 20952 
24490 
12603 21191 4405 22418 
4936 27866 29021 17159 7702 28157 4032 10130 390 
9953 32711 28695 14056 29966 8653 
5895 28497 23891 9337 10693 
28004 
26381 7127 21972 26117 24236 
32162 14524 23117 
22025 4926 30800 1704 
19442 14447 3063 14251 22107 9998 15823 31925 3188 
18914 
6390 20313 27872 30515 30401 
23708 11876 13129 7738 32213 25653 32766 5740 7618 
28265 21654 
31716 14663 31188 23451 23463 23217 18421 

29380 18560 22549 27019 16272 
781 24628 9758 15447 31985 26875 15747 27124 
9426 31083 2588 23425 10819 

29454 18675 
18738 830 26881 27149 14988 

23452 3165 19724 3780 27829 31209 18615 2091 
30572 129 18290 4113 20008 
32438 3877 25815 
995 
4118 19168 15705 
11438 25552 30217 1786 4019 21265 390 
10968 24348 23034 22800 14247 13735 9779 27180 4395 
19390 24321 16482 2769 17679 110 26463 6347 
18398 17498 6177 22549 1418 14798 
15087 15231 10854 
17350 14336 13376 5794 4364 14589 
3861 23478 
17315 5082 28575 20741 16636 
118 26223 12457 16654 1773 17533 
30229 32387 
9587 16278 13165 25599 14863 15197 
10055 15591 
20128 
13042 14799 26954 6000 20098 19292 9072 10603 26397 
32440 4488 31362 27927 
14654 17682 20641 14340 13219 12066 
1332 16979 26907 29314 20017 30138 9320 

5417 21311 2790 10812 27359 
31876 24916 23675 8638 32174 21731 10168 16512 6400 
53 12596 21902 
4666 
14460 
6992 22598 31632 22974 23938 3221 17634 27306 24211 
29227 9655 
2776 7417 18400 27903 5916 18918 13665 
13815 9189 9939 27632 
31252 20496 30518 9434 7833 28956 2823 
19367 31491 1302 9204 10582 
5414 
559 3140 20443 27565 27360 9452 
14123 5419 28638 3197 30567 18760 14760 23228 
15366 16436 22063 17317 13899 3899 
83 
29247 7403 
15018 10199 17939 
14624 31451 19373 25167 12545 22471 25534 4028 
461 20854 17850 18938 22818 
10469 32615 32146 14311 10226 4228 25891 
31786 19984 
26939 23545 31086 
32741 14691 
22007 
9282 27801 15051 30994 15074 23997 18997 26671 

4829 32329 11068 9766 7566 4119 5595 31168 18408 
28663 26159 9731 15330 
27540 29157 4284 21897 12807 
31606 9156 
3523 6840 25628 
1800 24386 27200 20696 15842 32374 10799 
5416 
17454 11781 1188 14916 21746 946 20384 18527 26011 
27717 11112 

22028 17847 
22079 20922 8955 10934 12259 8435 13276 14834 22249 
18334 29083 2892 15475 15882 3210 21275 9074 18318 

6769 3579 24885 2626 
25603 15948 11481 29787 14356 24535 9685 28334 
600 
32514 5513 25918 23974 17708 
32524 6651 23192 13547 15189 21872 17430 7858 25377 
2521 15448 22320 
6095 10646 28175 7404 31550 19890 
4578 5883 
13503 32719 1601 20111 16960 
27113 30814 28141 30698 22170 15342 

16596 7934 28513 26821 1905 17806 
13070 2034 19361 
7490 23632 10550 
2389 17118 
20832 12682 2378 6250 28086 1430 24136 
18311 
17317 
21676 2278 
12197 3047 7976 32474 7098 952 15775 12129 
13991 7372 
8290 3528 29390 28030 4461 12047 16509 1821 10754 
9 


31074 
4853 11136 5277 
3373 10697 32046 24181 25469 14788 
2603 
4644 11133 10707 1028 12202 18931 8355 
27409 18674 9856 7734 5988 15983 10802 19401 
15684 31270 514 30888 29084 17927 
19736 30166 21670 32053 19552 27066 28750 
9896 2086 8341 6359 759 22618 5052 
18483 14475 27142 19717 
25829 11543 23553 23001 14550 3602 17701 
20147 25303 11873 31129 17146 24122 27953 26135 3911 
2295 5246 
10805 15354 17756 22936 3948 587 4255 20777 
28441 
2071 
1518 27784 5304 16503 32331 2393 

18144 
27950 3971 3924 22816 19258 
17023 16846 22374 9491 9362 4128 19309 27709 12835 
22140 30450 4418 2767 20958 
16619 15521 9201 
30167 6999 2416 21032 
4268 19210 1717 27239 
24018 7562 27065 
27474 4515 8703 5103 27260 
18926 21874 17105 
20504 23682 26094 29599 1977 

21289 25891 32575 7666 
9691 28268 30552 23077 13401 28697 
26074 255 
5568 2142 28747 31299 22125 
22378 11707 4011 24263 29785 2926 6 8255 
18593 23472 3762 23970 16661 2572 14732 
31071 22831 13466 1888 
23833 9193 22064 1213 20254 

22441 21886 26367 5779 
28443 
23065 13378 29735 27636 
12578 19768 21343 3965 30935 
4173 15382 20418 
15826 23305 17751 
23536 9934 8033 
21461 
6276 13331 27453 5361 

13316 10092 15525 
21756 8269 23075 13931 17154 15671 
29619 8481 9349 11126 28990 19025 
25922 22649 12007 18586 6178 2038 11983 19187 
30784 
20987 26343 25691 11328 11666 19814 

2811 648 20208 5730 

30941 6149 9517 19779 5422 8306 15540 31108 2601 
10842 4228 28816 107 12515 4544 
