38 25369 8388 25580 8117 
15103 18506 9366 
22744 20291 24603 10869 30276 508 1844 9091 
22039 5774 21250 26052 

27025 27696 27261 19865 249 
28887 26703 20643 32631 
13324 13518 19606 11279 
18442 2242 693 26316 5163 14055 31194 22760 29230 

12344 
3687 13522 

27011 14795 23455 21543 31859 
6455 30120 
14873 28502 2981 13643 22232 14716 503 
5393 13306 4468 3035 
13391 28131 25808 

16024 11386 1052 1201 12137 

28542 29817 28698 30464 13661 11147 29519 
16797 19048 
2996 541 24952 8725 
14885 32523 
10000 
10353 16683 1919 
17446 9130 9417 5637 23768 6825 
2987 11943 29851 30445 27880 13492 11089 
1451 20130 8207 18784 27870 25748 21708 11862 
31170 28747 21134 10044 30246 17813 21646 29295 
25715 28034 12515 17386 23522 2847 
7090 
5694 31738 5036 653 10128 
29841 4509 28358 14161 11275 8165 10437 20646 30849 

15053 
30836 10969 9660 3834 28541 8817 
30181 15562 
25264 14448 20928 11706 4634 28617 1594 
7382 12281 11955 29876 

29379 7356 2138 30777 32428 20253 

1837 12125 3699 
7146 20111 4485 21488 13321 29645 12993 
6266 3082 5656 
1569 7626 
1907 13661 9093 658 30166 26468 1645 31859 5570 
7821 16606 20399 29173 9770 11372 31803 16901 
27239 4338 1091 20800 28038 13321 16870 7741 
29847 29243 12374 31848 14373 3937 
1727 8146 7591 29954 29152 12508 24808 16719 
13332 14002 32258 16973 32362 1082 31810 
16529 10064 4108 7575 13911 
18131 
16763 7991 4449 11685 21056 28726 
9134 31434 
13878 8520 6560 
11950 24374 32191 16060 
22928 12145 19023 15173 
6643 

31757 20915 16662 8668 7679 
17055 3498 9495 11639 4494 
28357 29531 2740 16231 13463 25108 
18347 26157 11462 7818 30379 
8771 26679 4607 15314 2539 22659 10617 21396 11713 
21010 13314 28570 2585 10957 
21656 237 
30184 21743 8739 18799 15435 4263 
32619 25340 16744 7212 
7107 12970 
12520 27903 1250 
30599 17604 8339 
12241 18960 26424 4954 6183 21950 
7670 6641 

17375 3168 29887 17730 5905 32260 26333 27250 
29052 7284 4880 12232 

11837 19530 19666 6686 23158 14422 16916 24152 7580 
13706 3842 26199 32021 5143 30844 10401 
9390 12261 8603 26322 27664 3783 13558 
27119 22408 16701 3057 

5123 
25589 27595 30211 25797 27245 20602 3055 26 24804 
4023 29525 26203 3536 21695 23338 17124 2175 
1171 25801 27960 10213 20923 
21249 29879 11360 24209 5156 2047 9429 
4073 7143 25830 19840 16134 18236 20002 8556 
12790 19788 23858 13641 25434 
25853 
16231 1291 14963 4494 6228 17501 21986 10253 9574 
133 8899 18413 17307 4812 6175 
7163 31810 23370 1350 27918 29225 
3165 21343 16823 
13458 30397 11572 26175 19856 13178 8992 5706 
7089 7985 20369 
25009 20612 5348 3301 5699 2471 15353 
20688 13878 20606 10258 27947 20582 32709 2980 
11352 19029 18922 8731 16968 8142 16946 30503 14146 
14365 3974 13287 
31578 
23523 14516 14897 8471 5736 2722 20039 22404 
9685 22080 8363 19088 25843 15177 
19922 20169 29411 
9647 7692 20244 12206 26265 
18160 17024 6022 7858 22330 17002 15916 
13316 5461 9698 13503 26821 
31397 30818 8628 13862 1813 226 
17827 2325 17300 25697 14799 25720 11626 

4380 29850 
11469 29327 10795 30428 30805 13283 3958 11000 7940 
12040 24757 17405 16896 14897 8339 18501 
28357 
26854 3756 24162 3174 4928 21909 15832 23996 27457 
20698 12542 11060 5213 
25713 26227 6366 10153 19325 11220 31780 18583 

26311 20859 8710 29465 2162 3478 29430 
17933 15703 14583 802 18332 30556 21742 
28433 1466 9133 15383 12337 27591 26441 27248 
29138 
16373 32652 26166 31077 2641 24468 11559 3547 
18650 3894 
19943 2988 26392 
32761 18849 3807 5106 12172 10454 6938 
7563 10720 28386 18314 
6955 17072 
14188 
10987 12404 12176 15645 24748 
14201 4523 
29475 9615 309 19837 29069 
21941 29770 14940 10764 
26955 31732 23606 24902 28021 19329 16824 
7835 22951 7805 9837 28186 562 13155 
31651 17012 
29010 25895 26489 17523 1442 26785 
24156 9991 24722 9594 
31009 32593 
15373 7236 26146 25509 7293 22939 21279 
21363 25295 3753 13790 15330 36 27416 
16802 7465 29749 25780 566 17549 17501 
7770 24623 
30022 20951 2579 3371 5371 7319 12051 14025 22056 
822 
25373 4007 17848 13240 31093 
336 20942 20834 2412 11685 
13061 19081 4920 20470 21134 31166 13024 7835 
10993 19025 11391 
16196 10554 24183 27236 28050 6328 24275 29455 
18217 31621 26298 28066 16433 30845 31224 14914 
27774 29383 27895 
18767 30256 22334 14067 8337 7662 9160 8114 29171 
24003 11957 9769 31068 11730 18249 6921 4994 18471 
7251 14371 5732 
2108 10494 24111 29473 953 26761 1782 1344 
12292 24794 16489 
30050 9666 7033 19883 18558 691 
32380 866 22082 
17827 

4605 14679 13505 27980 19758 8292 
20953 6248 23879 1864 10381 28552 
22219 22372 3272 12616 32194 24956 14389 
21990 30996 18758 
18502 29001 30437 23483 723 4542 27840 

14727 24710 32650 17862 29772 12355 
20125 11686 11290 886 
14538 32240 17051 1420 11532 
979 6555 9041 
13140 32700 20606 
2020 17905 
6217 25644 12845 
23964 28123 31570 27582 12635 3594 13871 28860 
13738 13459 16583 25721 
19746 3198 22021 1754 28243 9716 21523 23795 
2886 
9791 4038 4597 
6083 7768 11462 1560 17584 
21728 27078 
20505 14984 17645 24642 
3847 14096 3809 32632 

16591 5183 25466 25132 
15729 
20996 1260 20306 5286 19542 21173 28029 
20627 4362 18186 26507 
23679 17379 4585 28739 22589 11341 4112 
29842 10588 27432 
6121 31581 17271 
24598 478 19114 32526 5929 4706 27265 
4273 26084 24474 
11451 

28618 16632 5854 22183 2529 12072 29406 22710 15409 
18042 347 1137 20594 31497 
20167 30379 26193 32442 
430 21376 10361 12525 
17535 
4230 26526 20045 9714 13553 18150 19637 4544 
31954 30959 14530 24432 13600 25609 16411 23249 
20039 6497 
28687 29471 12036 20939 27733 28807 16020 
29463 
23854 
9071 31565 10877 
18760 21771 31194 3483 31573 11727 572 
19186 2711 26429 31108 24987 
14006 31840 15126 17545 519 22771 
863 31365 12761 16928 29116 394 14517 6928 14303 
23470 2371 5282 12804 26156 30117 
22918 8985 16000 27305 4399 16561 11744 24162 1775 
27577 17914 15958 13617 16641 13914 
19261 5088 27675 28467 6865 18384 26060 15397 
14335 30891 10131 23875 30650 3457 13941 16473 13025 
20370 5520 24483 
25033 3459 7627 13592 

24864 4007 22334 21550 8651 
25332 10816 22327 26602 21208 28686 25148 25288 29126 
31335 1834 5109 30110 27491 24262 16309 
23545 15753 388 11697 
5513 3337 2302 
23472 5605 11687 18190 10299 16818 11232 
1809 28600 18509 27538 26595 2963 6955 12213 20735 
8912 
6447 3648 12628 15887 25427 
26046 17821 30503 15164 27501 22292 
13956 11252 20864 17921 

6255 9918 14599 8691 
17501 15903 27589 2200 15899 5468 29583 17121 
6495 15364 26681 3407 32108 18318 
25373 7046 8764 10719 31226 16175 22171 3860 5986 
15316 30240 15814 17094 27186 4754 19407 2336 
23415 2054 17835 27435 23620 8016 18741 14028 
25260 14693 9884 
30988 4246 342 17541 12391 2043