2 31646 
7082 28375 4863 
5352 11351 3299 14553 

29637 7128 11641 29706 29284 5906 
31572 19396 13570 20821 
5020 8880 22700 8936 24441 1104 20426 5940 31359 
13261 5084 20844 17553 16374 21850 17571 18569 9797 
2717 21883 3682 770 
28419 22890 19561 1474 11385 30807 
16274 7864 22167 
1364 28104 27470 29688 13886 
10672 
9836 7753 24375 17938 28205 24126 30998 
11108 27823 4977 221 17844 21413 7672 5945 
30385 30795 12094 
26203 31625 24744 22712 14775 23859 30143 
29512 2961 27518 21074 5645 22470 4708 
11756 1208 19958 28482 
3037 1633 29800 25940 
24280 23297 16700 27441 5503 
13922 31504 25760 29707 5096 
25756 18425 27938 29906 18353 19499 22733 11682 

17121 22224 7728 27228 30500 
31415 14059 1536 6670 9904 11475 29351 16248 2503 
24818 22949 26414 3969 30523 27527 1772 40 
26761 
31953 14077 14495 93 30655 8096 20859 26524 
6830 9818 5734 7048 9228 17034 10257 6957 25766 
13508 24297 13529 5475 7072 18770 21072 
11952 24286 27615 9055 
7497 
15597 6354 8344 
1988 
28941 5318 4084 31463 26226 23565 
26643 17285 26278 14115 26369 
14266 5559 12737 
15849 12176 14946 6004 24667 5018 
9817 
23207 8107 
15089 10039 15009 21788 23577 11986 28527 
25471 16661 22714 23355 1296 4704 1077 27238 135 
9370 13586 15813 21287 11899 18929 
480 10243 26714 7879 20367 
12627 26043 2923 8692 20078 

17660 
3808 5648 1564 13168 13833 10614 14865 20917 
18141 22531 25727 293 25691 13589 8396 17445 5731 
28439 28154 27714 6900 15326 10937 5171 
4827 928 2024 14705 
29772 16194 17239 
23759 15348 16480 27521 2788 2916 22187 7207 18785 
22219 22318 15627 23196 21822 28852 14997 15106 3587 
9402 27740 15964 12527 
16047 25724 6463 
3089 26078 25473 17426 10200 
6996 23658 22877 9541 32662 3097 28169 12427 
536 30906 3740 16313 5433 29885 
13033 8277 21048 
26541 5881 
24835 19406 17803 26827 2239 19906 30 13520 32667 
28763 5766 23095 29609 28318 32700 

1633 22131 17979 2199 6053 29656 6293 3583 
15703 7795 15804 6481 12478 12460 
22637 27965 21674 586 27640 30457 
25459 7412 25706 
24382 
20256 30462 19020 23361 18338 25002 28935 14498 6283 
16251 23575 31055 17653 
31454 13523 15670 22895 
14018 887 2943 31184 
5415 22969 3425 
17327 16250 26704 23951 31616 4500 14810 21059 
8742 7143 5430 17743 19053 
14467 14539 21643 11690 12787 1041 11075 23213 11411 
26225 13302 
24002 
30288 15242 
2209 10286 
8260 21178 
24941 28443 1697 22390 2098 4482 6764 14736 

20762 503 2941 30512 5706 304 557 
29806 4786 30512 31460 14771 6928 
23779 20064 8549 330 22743 11820 1890 22541 23268 
27340 12903 13929 16787 8842 
15475 19683 28921 32340 27782 25159 10982 25842 
10480 23338 23968 22230 5921 31100 26614 21463 29014 
21816 21861 6513 1646 12220 27932 
14949 30382 19044 
24273 29119 25208 24712 983 19964 31059 
1542 10975 16124 10775 788 13006 5883 25714 
31044 32001 
1896 29222 19579 12308 11671 12560 6065 

16487 
20092 13162 30560 22999 15212 24991 18163 14423 
1727 26207 6462 

27672 17778 24140 31863 5062 15178 1894 19206 9170 
6990 
14516 28005 5075 5343 22653 11307 
26702 2334 16814 13406 12246 
3343 27166 1053 19411 11225 
21899 
10680 10677 13034 17613 
27832 16691 1244 13389 12128 32223 21289 
2554 14453 15183 31972 7022 
13106 
18617 7484 774 8905 17024 30192 29796 

10912 
1554 16763 5465 
12365 18442 17074 25304 24515 3449 2871 29308 20121 
6020 

27735 
31451 
25365 2990 22659 10708 20052 
29221 27495 18833 21850 14208 27630 26280 
14382 22117 8630 24554 12113 
7186 310 14004 
31168 25416 12646 
10828 7447 31638 29290 5786 
15844 20628 15796 
23482 

19881 18910 12504 
22747 5967 26044 21944 22482 12147 14881 23296 
23935 28507 30978 2923 16972 18786 22465 24125 32596 
1498 22199 16082 27243 18144 23604 27256 28445 
32235 2876 11026 11471 30125 25702 
26911 5833 26635 26782 
30386 19065 26491 28260 8058 15070 20777 29626 
14752 
17453 6025 21974 29286 8566 2236 2724 21266 
20579 21751 20807 12785 19059 22977 
2140 23785 27941 
1955 29538 21098 27014 26397 15176 6588 13354 22165 
8171 
18447 29223 
6590 15922 28628 18783 9014 24018 9580 929 
13598 
15545 13005 16293 
20011 27161 10776 4095 23207 15263 17591 27819 
21757 20520 8661 22655 7874 25204 15901 

8998 20289 25525 3300 
9856 18138 4740 12232 30504 27126 13742 29182 25572 

1076 6279 
1787 21145 15708 27004 28879 15247 13094 
30273 16061 11186 26219 13630 11076 1009 
2022 
5046 8842 19474 22478 16446 10975 8182 
14366 30134 14540 1856 13271 28339 17220 
25085 19844 
24461 24781 20569 1015 28295 28208 17457 
20834 31883 5742 
17493 26016 32502 25299 
7773 
18117 27717 20120 2850 32485 7103 17257 11355 

7826 11677 8785 9073 29291 
18756 12008 11560 9635 
12212 3179 
1403 25862 564 19771 26380 25036 16470 25567 316 
23108 
31544 15220 16399 13876 
24603 9571 2610 4633 12102 13425 31302 
25002 1642 12439 3229 16834 15669 
6853 8646 21280 27825 
15057 10353 18100 22063 
3792 9334 26802 1524 25364 21025 32018 18240 20333 
29670 5666 15585 25153 8566 1060 27881 14515 10018 
16940 29110 3820 10758 

715 30107 9994 10943 28003 339 
15736 
28589 
11818 22763 15117 
19092 22629 3892 9039 15394 1497 8658 
19778 14772 

25271 31845 3134 16344 9053 
14948 8953 4983 

10667 10509 21593 
30221 2450 
3133 1299 20052 
24451 15834 29865 
28785 
18415 16698 27982 11149 29554 22852 7660 2000 32697 
14625 21907 12787 28665 26919 696 9347 
22872 24182 18209 23785 29025 8394 
22880 19184 30374 18647 21842 7483 15893 
16936 2554 13133 14364 
17762 23788 13665 9244 14793 29157 

2735 30892 31675 26987 2349 30380 19751 
15551 12008 9005 
19863 9833 21948 13266 12594 30767 28391 6315 11710 

12219 13921 15222 23431 
12319 19074 16554 26008 2931 24329 
26712 32346 938 7343 22760 30036 24449 
17633 8219 21115 4350 15726 16210 24904 
22387 29119 17324 29095 14929 
2775 12420 24721 32668 28923 2134 
32093 26604 30616 23318 12266 
10535 23282 31486 
30216 14655 


6556 2375 16523 29842 13381 22226 3587 
13019 21282 7624 20449 19344 6325 15753 6012 
13961 29720 5066 20521 
17717 15137 7772 12196 19527 24652 
16782 
16635 12399 24976 19498 4600 14780 1361 
2749 9605 24840 32299 

29829 550 10428 21109 2736 25533 
5400 
18242 24301 22565 28071 29066 10382 7639 10112 1485 
10844 6924 23395 21000 8980 12742 
215 19907 
30659 11006 4963 
5812 1793 31908 1761 14941 24159 16742 10911 26415 

31077 498 15906 24874 5541 9769 

3536 23873 28267 28789 12516 20394 
11053 14789 18876 32286 234 1694 9847 31706 25836 
4397 21904 31798 26719 30355 17987 25694 
1701 26755 10451 15711 
26726 2717 25043 25869 27416 
3028 16209 
11048 31407 9546 10934 7398 18482 
11911 15654 2923 
31793 32342 18492 1713 
6823 28143 1093 21196 26092 8662 10332 18491 
17447 31528 8901 23542 12887 31710 
25551 22721 30863 8778 12723 5243 
4145 5