 28651 16139 8151 
7377 496 
29724 30636 27600 23000 8935 11571 2388 2670 24304 
13584 18505 22513 16534 27594 
26051 6628 20790 
14643 25997 11460 
22266 19840 18096 2742 16460 27916 15749 28378 19310 
12858 1515 9125 11896 30997 1347 4189 
25304 3165 14111 4842 30002 15630 
23072 4608 20347 7979 30630 
4733 32558 10163 115 7853 11488 

4903 2275 2782 10722 29016 23758 
7174 26159 21988 1748 31155 3480 14234 27759 2346 
28142 24318 32578 31675 14231 16831 28640 26340 
21745 13575 7296 12801 30023 9511 13725 
26284 26564 3555 29278 14984 20548 24897 1245 1209 
24059 17725 
11154 7534 
18693 9656 26516 
4905 1696 5961 28995 26721 
29925 2326 5968 7821 31683 19580 
28861 6559 
7266 27687 32364 25986 24147 19788 15643 28388 
25588 
15713 16880 31651 18182 3919 15336 2275 
28328 24761 
2485 22137 
12149 26825 26154 30973 17903 23159 
4255 
6045 21404 25868 
11687 18183 16374 19683 
22993 23114 16663 
4614 23119 31748 
9002 20650 30794 29840 19551 31900 32515 14646 
28166 29694 26614 165 21297 26076 28692 20196 

7853 
5585 26858 25743 27668 12019 23116 21967 19110 
17307 32592 5672 12364 27835 

5392 31780 20141 30106 4315 18388 
21687 
27787 16747 3020 
17077 13915 16554 28094 
27399 14342 11269 38 
3595 2999 23220 4982 
19996 15085 16427 23401 
3662 15169 11233 16847 3207 8674 
5802 12023 
11661 16161 15769 14165 25690 
1827 3341 25937 19455 565 30447 32317 4090 
30995 23543 29469 6590 6330 3188 
27619 5661 25588 15257 25248 12151 20718 23911 6086 
8332 1265 32186 32754 6469 
14169 23803 5766 24270 

2431 673 11903 18390 
13288 29336 254 11516 27666 
21723 1173 25337 24500 20476 
28951 13253 
5997 31194 28790 4413 17440 16685 30509 13301 13557 
5866 24318 8492 1537 22835 21470 5769 14684 
31121 10316 10353 15400 7802 
26971 29808 
29554 23688 1538 10957 6464 25008 8299 1114 16030 
30157 7799 19091 11020 13209 751 12397 
32173 6265 13036 23020 15221 32467 25954 5591 

24528 
31434 

15463 9056 11564 15093 
11457 22010 5353 24029 6468 26727 29710 25367 
1845 24510 21023 5759 4569 22294 
26296 
15836 14795 
31370 10031 11856 3342 
15507 27072 25848 3134 
24489 26146 29073 26496 
4401 23559 28538 13429 

2979 12418 19914 15559 28104 779 18427 24127 
23351 7868 31959 8428 32536 5272 18316 
27489 21395 1933 18530 11973 
6389 13548 4810 18811 21449 
593 13747 10065 24758 21426 25070 
31826 9482 17828 14119 2699 27151 7532 
16605 
22615 21452 
3865 27144 26943 10989 22369 12507 7756 
160 12571 4436 23962 12462 7733 18910 
26601 31182 30421 10552 13326 2280 19341 22211 
31807 11435 18279 17455 4218 

8430 30335 4911 5155 9733 11991 13053 10053 
23069 
26464 
29701 7338 24473 21483 10262 31665 20270 
26449 6706 
22842 30181 6064 23796 22397 25950 4483 13852 
26129 32294 8339 19967 10121 12917 18619 1688 8107 
4255 21301 
26674 22198 31913 22323 3651 2938 9343 4802 3208 
10330 13551 23671 3404 
27554 1786 
3083 13304 6875 15251 18206 
2556 14041 1964 22177 8744 32447 
27911 7013 11100 15975 
6735 16228 24058 1024 19437 
15554 2177 23898 

6701 446 425 
19351 14583 2047 10058 
28460 27135 4376 16168 27714 4352 8034 4197 3041 
4290 16348 16522 19696 
21788 17508 12861 23429 
10088 20327 
22949 26569 22986 2383 10597 12394 15451 
17361 
15216 14692 22586 24146 27906 19377 3446 
10653 
24222 
23350 20070 14219 7995 139 13929 11337 

5143 9728 32764 9465 31870 23565 

13774 10035 1798 22010 17999 8397 11883 7524 
10108 30763 29888 29217 4992 26663 
2440 29941 5115 19974 28601 2365 3926 4869 25952 
10066 2124 16420 8683 27967 26261 22301 18321 
5215 5015 22870 17704 
5787 9179 9421 16744 
28876 5245 23302 6329 12540 11967 9795 4013 15344 
11857 20573 

17319 
31567 14157 21878 23705 29586 10262 21837 
20286 31397 31648 25822 
25837 16676 16068 24031 6498 1699 16899 2649 3175 
7763 31829 

12371 22926 4248 29378 20916 


31139 24534 31647 
3510 13731 7415 16058 26286 25871 17684 14783 
27049 32284 29758 21202 
25386 4776 
5775 5367 27800 5690 31069 
15112 


6343 
20664 
3928 27091 
28656 13888 9188 28727 19231 4046 15610 31150 
27487 21118 24815 1366 87 22452 6850 15710 
27384 26263 17347 20364 12447 
31345 4439 26581 29003 31050 10907 12741 10913 16288 
12949 28682 12148 
3048 24269 32155 2935 14676 25635 16519 2013 
31572 1499 9518 6162 20259 10660 
26543 20894 4733 
29781 4479 20887 
21133 15380 19297 31244 25339 27793 17953 16917 
13238 9859 8769 5125 25694 3501 
6668 15115 22744 26693 
16625 6789 15862 30620 21371 27086 31089 29981 
32307 25362 26968 12699 24613 24052 
6963 13112 19135 23663 8320 15796 30709 4250 4328 
30676 167 29546 26807 20815 21619 
4584 16663 31770 
21847 23736 25542 4367 4398 8875 9910 
25178 3618 27975 21843 19343 19057 22821 8220 
12692 2087 21392 
17486 27987 6935 9006 23319 
29547 1896 31230 
318 
13697 13650 18783 10112 23419 9278 
29899 18360 12023 504 25739 32205 23241 23355 
9748 30827 27035 32281 15895 
23915 
440 2764 31443 
797 3113 32715 3395 12136 25963 32328 
24863 
12976 27450 
18707 15641 24439 6743 25130 23484 6362 
19275 16167 8296 15928 2523 16910 18215 2181 

7152 15043 24643 
10853 22806 24916 3729 29162 24143 8273 
829 10880 17310 15182 5236 173 24814 24503 
13635 22480 11151 19122 32147 22259 6366 
6302 26122 12814 23288 31213 30636 19339 6949 14655 
31992 10201 6534 
28863 14191 
16586 9616 15545 
29836 18253 14309 23320 15423 1280 

19458 9368 2395 27963 
2010 361 19783 6261 15375 32012 
9747 16204 9087 28130 11051 
7835 30338 25872 
29533 25530 28310 25855 20562 20127 26409 16782 
8922 9198 27722 7943 6933 
14499 30952 23718 14376 21351 
28827 2353 32559 31846 12844 29952 24923 15641 
23753 13185 30039 22180 19747 
10520 8399 30347 9590 2052 27025 16911 
28469 578 24853 10946 
9681 16587 20599 27632 27446 
12436 
16104 6878 
28656 1325 20931 1270 
14903 10575 12321 22979 
27642 4621 12841 16490 3316 9303 1837 14380 
13729 4217 7735 14582 10455 
31391 4953 26247 13742 25308 5413 14631 22993 
8226 14156 5266 7591 26626 

12965 
26780 28241 
2480 2411 29414 1551 23020 
22260 28116 31086 10620 
27777 13773 24885 25320 1280 19067 28670 4005 10367 
7445 26724 12745 10111 8701 10796 
32157 1591 9805 4091 24228 5312 22412 17318 1801 
27766 
16091 7272 2262 16569 14022 16166 6501 
2757 16596 21380 4368 
5481 15208 
27984 19053 24340 21517 15581 22372 5673 27583 31441 
6750 7742 3368 15644 4764 32011 29854 
13973 12476 17364 
4920 22347 12125 7420 8447 18433 

6274 3867 19315 11337 
18788 
4644 2255 28939 7927 9200 25372 
9570 18892 12000 
17846 17897 31470 17921 29840 
9844 15276 10358 2126 25414 17567 13179 22353 
31714 14076 28966 5776 24988 30674 9584 
5750 8109 17661 21002 16134 15785 20817 22828 
8736 
5562 6064 13754 
1413 28059 25902 218