27160 3297 11519 16431 25208 
25563 25461 9502 21749 22439 12691 17677 32398 
7553 1278 29079 4337 32609 29957 
10542 
22480 9850 

16008 30583 11845 15989 7786 21007 2587 2065 13640 
25991 5993 7875 
8215 24523 10301 
24522 22942 
27612 27453 29445 30334 25438 19517 
2550 11553 
30064 4369 9103 1517 10803 4068 19203 18051 
21743 21756 5530 15925 9617 25039 30338 21756 10691 
11855 502 30540 
6333 14982 18368 18981 22228 31091 1074 9505 19100 
29556 29170 1297 20440 10587 17348 7696 25741 
3909 9845 31339 1767 21254 
28811 
8999 
619 32257 
9873 14617 10672 26493 31795 30998 13621 
7787 10122 26339 19607 21498 23005 30267 11759 
29123 25934 
18191 11046 
13798 6546 202 22968 19852 
19728 27880 11593 
7695 6511 187 2511 8353 17568 
6431 29905 18201 15854 29667 26707 13313 
17899 27889 32575 3538 30134 2375 14095 16742 
5860 28484 5149 32076 5189 21440 31186 19421 11758 
28008 22097 7360 15225 8788 14643 24278 25673 3208 
32750 
25908 24609 6796 5532 20811 15098 8885 
24457 7463 10482 
12760 4953 23971 705 25399 21144 4498 14382 
10704 22165 24945 21323 
31941 10104 30266 5498 
17709 10063 27879 29018 25881 28823 2576 19904 6109 
13693 10807 
24587 29908 16027 17208 10234 16486 6804 32085 28166 

22340 25490 9028 1252 7939 3386 6737 24497 
15850 28507 29950 29024 1698 9947 11616 4843 14415 
13950 14036 13581 347 1462 5089 18269 27188 3236 
11726 
2172 
5439 29403 12595 8109 7129 
26352 18200 522 
31157 267 7985 2336 
2196 
9988 
4008 8117 14534 
24354 16095 24340 21419 16093 18112 29035 12787 

7779 3396 30129 24465 25139 6883 25352 11327 4599 
19811 16183 
1223 12989 13610 22672 626 10207 23212 23011 1253 

9675 27565 27130 14110 11135 
26409 22497 30985 21956 30243 
2981 
30277 17203 25286 30052 
7256 24981 3667 27902 17832 
21610 9594 5999 4814 6542 23293 22709 
27479 7371 5163 8188 821 
8856 21854 
7573 10856 6791 10245 7691 28000 
20135 25588 
14093 30224 18480 29589 30170 
954 11671 11427 5986 24648 
8856 14082 26774 28056 15741 5352 
16402 5910 24089 26594 12024 10910 6367 5898 11654 
2211 7434 7680 20818 615 27816 7408 
11025 10689 23891 6165 
28875 

9173 9031 3735 29507 19284 13701 26247 13170 
29442 9200 1063 23376 6567 17272 9563 2046 
30653 19341 6427 28743 32661 
30506 
26701 
15855 16963 22082 6182 7407 19368 4032 
2919 22083 25270 23435 1664 29853 
14428 8249 11499 13957 5824 
19919 720 16007 18150 17729 
11071 20257 5130 
24040 21677 26748 
14878 6401 7515 32171 32069 29688 17956 3041 

25672 29489 9663 14799 20166 12381 24263 3924 
15530 
26841 463 26738 21531 29520 17266 10599 
15264 3717 20723 11664 26055 6125 21117 19968 7883 
3768 31909 19291 32262 21308 
23037 6528 14721 30630 20081 26787 17594 
15311 17822 6692 22383 28388 31243 
439 15424 11295 10895 6055 28883 
14068 30987 17031 19201 25186 11792 13120 21822 
2536 2949 28769 29212 7852 
7924 23381 15196 10966 2024 15402 
13089 18479 3939 21059 20951 
16707 
27106 12520 2355 
30653 10189 17474 20069 32246 14809 26552 7061 
10414 27435 427 11124 27926 
30131 27232 29694 12934 8299 
18453 30805 14991 5323 21861 27924 25157 20828 2382 
20634 16689 12397 28759 30512 3789 29355 
31769 239 21138 10475 4102 12761 10379 17858 19913 
28473 14347 23423 6234 
1288 4299 13877 29331 12529 11230 
136 
2685 13811 6032 8161 
6360 19181 10245 26072 32086 9839 23528 4495 
12067 21245 2408 14274 19814 27128 11996 31604 10203 
9346 25360 26296 25583 
31698 21550 15312 3654 12351 
27627 16242 
2141 5600 
24210 26983 3673 
28684 13471 20164 23216 
23926 10951 2907 8819 

21960 32173 8822 31494 
21789 6977 1117 8274 31991 18187 18723 18808 1964 
30228 17624 
12564 7183 23635 27315 13904 31918 13744 18995 
29934 24774 8311 32306 10466 14764 1717 1908 31098 
20511 17795 21372 
17555 5966 10323 284 
24302 
28048 6672 9395 31536 15295 8564 
29645 
12374 25683 13164 4057 4844 28216 22567 
22452 9284 9804 24597 8521 29282 10745 

24836 30504 3414 4923 2297 5741 29413 11877 
19125 19079 
15963 19362 1358 21532 8162 21074 
24724 9182 
21214 
22683 22081 21361 14542 29125 22494 20419 

15626 26627 8819 
23501 659 
18932 28796 1800 
9131 16824 12385 
13108 21288 9481 5050 18369 
19194 3350 21020 16670 19351 24469 19043 
6463 32113 
19969 12141 11915 
15836 19346 4750 22446 
12516 31807 11493 9351 9814 25679 
19223 29142 11441 21983 13039 31736 
6439 3935 17479 13640 4378 17937 9921 418 
31375 25046 19393 6556 23084 15267 
7226 14091 14076 5826 16366 14850 
31879 3707 12173 28362 11925 
10186 30493 18589 20886 32611 26246 6266 5988 24865 
15440 18057 26424 5498 10220 2109 
25105 27331 18006 24361 32677 16875 23052 
16013 11355 8166 28030 
7279 27207 32380 9126 7961 24231 24493 5314 24348 
10577 6251 14506 14348 20170 
4521 2720 10242 14295 8519 30232 18549 2174 
28166 28955 10672 
14559 24979 
29249 6087 8404 21320 
21437 15880 1477 19908 5955 
15110 
6562 2658 21475 31964 2229 21561 1860 9673 19934 
22276 21076 6237 12592 26057 2150 25773 22470 
31107 10477 26672 25136 
13952 
4502 5620 31583 
21057 25306 
23901 1501 31021 7765 
24999 21258 28867 6147 29962 
3411 

7584 13522 
11830 26736 7966 3285 2260 15164 29036 
19977 26964 18141 25045 8194 6813 30516 
23368 23290 2809 
21704 10816 
5370 12390 13703 26503 30065 20075 21363 10362 2089 
21188 18454 16388 25410 8418 27393 17846 20030 31463 
16508 16861 12582 24125 14220 25333 20198 
12719 26900 22859 19931 31001 27309 
20662 28278 
20219 22748 22538 3571 3525 11939 4120 16448 
767 15326 1686 30543 5836 11266 
3576 10296 10230 
14680 22566 11371 21306 9159 28654 
12158 12351 31375 29039 25124 23938 11327 6047 
24649 1065 24704 9204 337 9356 32749 9673 
10918 10899 7615 32159 3649 19815 10000 19422 26931 
32742 5507 30507 13233 23263 5135 32508 26980 
19510 29331 
29549 32527 14151 20962 26395 8146 8072 9319 
14202 20648 20341 19141 30162 
21765 26784 27999 14126 23735 4885 20739 12122 17828 
20317 
28790 27818 

2405 
14181 1424 16615 10147 18226 
10635 30847 32207 20227 3983 31355 8576 
4153 7951 13308 28667 19782 18530 
5790 3918 20115 
28180 5408 4510 19899 25151 13663 
25958 
8309 
14743 2107 23386 29476 

22673 20402 27788 6972 16619 12575 5724 8835 
25676 
6334 4369 12227 27336 12469 
11626 18631 2081 20648 29185 13163 15034 12516 
6127 3079 23696 29566 5380 30639 13261 23662 16999 
30450 4024 10010 17728 1158 7938 19342 3747 9342 
12933 25610 28087 7549 
18877 16132 9441 22141 18788 22767 13188 
11413 27794 8047 
24831 4783 14240 1349 
7075 748 29889 21191 
19424 27824 10698 7215 27279 
22049 16515 28385 11879 155 18465 2356 13784 
31300 8579 15503 1882 21080 18338 31143 31129 
30969 13735 4278 11269 13106 10783 24068 2217 12975 
20697 27550 22545 23348 14614 32430 25622 3912 
30054 6091 17481 12657 

10401 8182 
24947 201