2 29479 15277 
25472 5615 6780 32595 20416 
10285 19803 6664 13738 21091 26462 2887 2502 
29002 
23258 11939 29088 29873 
20915 28998 
3839 6114 7304 22953 9075 25712 10884 
15264 

16960 2487 30626 15957 28370 7907 
18560 
23277 1781 32116 32624 8339 17739 
22779 26734 12117 30474 27088 

29227 
32375 17923 10445 
1782 11117 8674 32202 32633 
23993 22718 15454 27593 28956 2082 30808 29218 
11221 16019 11927 
32722 23906 22809 32195 4392 
10841 14906 24263 
3085 22934 18451 5233 14091 
9389 1069 
22145 14260 2873 
12015 
27201 
9687 29506 9971 11806 15811 19827 17718 
24951 23021 23128 
28906 21216 29293 29395 12100 15345 2096 9901 
22142 3042 12581 31134 
7894 1483 25721 26664 12367 14819 48 
19127 29661 
7628 16906 11515 13866 14280 
2366 18618 
5049 28661 30930 18996 17892 12715 23157 18132 11930 
31484 22664 26534 20739 22120 
29785 
26428 21606 800 26107 17129 28836 
14362 23605 13255 22016 16625 17752 15120 
919 18365 526 32054 3925 17979 849 25225 
28107 20401 
27405 22742 21824 31928 20508 5652 3181 
14135 10473 2868 
20627 31411 4285 1790 
15744 17090 

22945 24898 21157 20669 18105 
19308 14965 28980 9389 31937 4159 12975 9710 26712 
26644 3439 30246 16470 30433 17844 22349 7062 12624 
32602 30208 1143 15348 18096 21610 
1424 21085 28894 
19094 30302 5932 30261 18037 
23572 10467 3339 713 26213 6192 639 2173 24155 

15814 12303 23061 
255 

30184 28500 9418 
29557 
4563 20352 28135 31827 12383 16369 27469 
16108 
14799 
7406 30677 27203 325 
29756 
9960 23740 15190 
9420 19865 5130 20944 27161 7215 27994 28965 
19546 
15650 10035 9009 32380 4867 21738 21178 
31585 8810 1198 24168 14289 2067 7713 4864 
31600 6297 1696 
13386 
14752 15050 11045 4439 6367 
27870 2995 15603 8554 
18920 22001 27241 
26420 


1076 29322 20949 7664 8399 11384 7696 26487 28791 
29152 12274 21728 
23659 32453 16960 1071 23413 
21574 27308 25830 27298 24340 10318 
21795 9759 16214 21912 11366 7222 13111 28445 3021 
6984 8216 4977 265 9850 12229 19025 11474 10549 
12563 29077 
4768 27005 16782 22089 22930 12002 
1261 
21432 2126 14903 2138 21340 17385 3205 
5401 18906 5740 18683 31226 
3958 4384 31522 
18677 31428 
29677 25609 14586 9567 16346 
14035 31549 31615 2014 14949 18359 22776 5045 27742 
10019 5289 26722 5107 24275 3716 8169 
21227 29065 2945 29502 8699 
16975 31210 378 32601 
1621 19517 25744 22068 2800 8731 22591 11339 
9623 29037 26098 30757 29788 21578 19326 20651 
15206 15436 21445 15236 
28623 12554 8736 5309 15534 18864 190 
7505 29012 22140 26538 30162 19401 10085 27484 
31103 7738 1140 32263 1308 30646 24851 
24032 19624 22347 13715 20618 8361 
5523 32211 26904 13120 
16621 8516 14269 
14884 
16208 22838 59 18609 29487 9424 28855 
26628 30578 32036 1663 6244 22632 5568 12427 10873 
9745 24484 
4216 21979 

26988 

26719 22929 28582 7602 15563 25446 27960 
31181 14596 25651 25568 2070 
26254 11494 20425 11936 10901 17596 
32274 27190 13339 
28742 4612 20785 28366 13969 
21212 3935 23785 21869 31367 27421 
25599 
28939 9974 26895 24548 3743 7924 21361 24091 
21320 15099 30260 31789 
11151 
30934 13666 16014 1608 28518 

19857 
32610 8149 31593 12517 6389 3022 5842 
11794 8465 27469 15508 9990 
6028 30222 12776 
9079 6923 29047 

30620 24356 26048 14388 4714 29123 14808 
4241 23541 
10312 8624 26809 25721 26998 29579 24955 2662 16775 

23756 1156 11648 14356 24318 478 

9739 
6308 27810 3480 32159 3200 13552 32633 31293 
9406 21992 5073 
22652 19048 5834 26303 10557 27000 20318 12573 
30290 613 27244 25803 3158 32267 14885 
6549 
20685 17604 17127 2422 14966 
22088 14568 10276 196 
9510 1700 2656 23363 8104 3931 22227 
32167 28574 11581 7896 13179 30743 
19528 5526 11932 13961 27106 
15545 6766 14612 31263 
21874 16048 20433 9417 17787 10750 
9291 

21288 4754 16976 15980 24554 2860 
15337 32618 3929 
15969 32077 426 23341 26493 21159 2422 

12462 2341 28297 2574 7671 32364 3032 
19567 6008 24164 5345 32446 3057 

1849 17753 27510 13251 27275 
2190 10958 30779 28210 6353 
4948 29541 7222 13167 22114 18670 7702 
6645 14898 22265 2179 2325 18598 
9940 20883 2998 29219 
27244 25958 4934 3392 3375 11539 26028 
20609 26030 8950 18306 20512 377 14808 
21739 12018 
23692 7342 
15184 7284 10234 7360 5648 
28748 12093 21513 16548 630 5057 
18148 
21031 14087 19949 1407 22179 31413 8945 11047 7543 
7734 
14467 20032 22078 13118 27573 25393 18609 7075 29983 
6009 15939 23726 22489 
28138 
12037 30532 17808 10440 4315 18701 30911 
12391 
6664 12862 5866 29628 
20012 16597 4378 30965 18152 16998 


16560 6768 21011 
28898 3003 9849 23834 2697 
16812 
28552 
2506 19861 31666 30169 14256 14399 15588 12275 

13099 19837 20754 4018 5473 5832 
18903 69 
25638 
23105 25535 17647 16802 6236 23276 
20463 1564 16404 1128 26092 7942 
18276 3786 30269 15332 958 
29199 17891 
22949 27846 24893 32349 13141 18320 29107 11308 
31370 7699 9460 12544 30943 680 27207 398 
21695 19164 20104 27333 27548 23468 251 5082 

28259 25187 
18176 1413 517 21697 21639 
21337 9625 25773 22702 10110 25301 13045 31730 30315 
26160 4915 1129 7894 1168 8406 30487 
7015 
415 30732 23894 22365 9576 22040 30342 31740 

29516 
23575 2353 
19236 10368 31785 9669 20911 20331 
16961 
26793 
11162 12735 1009 27438 19373 30620 
12732 14187 31162 14845 15233 
15142 24808 8242 20301 20596 6745 29365 1345 
27481 16626 22166 7431 
13003 15880 9950 20187 12503 7859 

18166 25276 19943 
32004 5732 4974 18276 32138 3477 
32481 7977 27912 17426 

10077 20346 22155 27516 9715 12643 
13960 13434 
13076 3581 3006 685 18833 23285 
6900 13374 30691 24068 30691 6237 3015 29855 8246 
3000 29259 6857 5029 17288 15236 29339 
15689 4772 26448 29465 5656 5798 8685 26626 31724 
12481 28750 9623 6177 16247 7833 30789 1808 
3437 3791 
15130 16063 
15750 16314 25115 5707 22157 
2377 10550 12236 
26870 
25407 24902 15457 5211 4650 1242 

12494 22319 2993 19926 15866 
15752 
17539 9298 5520 21336 27911 7938 30379 
149 14081 16383 15440 12293 16207 
4921 3955 
14365 11454 11888 17059 25822 20710 24816 
30750 10967 5466 27482 32346 30895 
25279 933 22372 4542 760 8233 
25166 
23924 1368 26439 
14219 2416 17406 
28541 8958 23713 24523 8973 19198 32099 8795 

9431 13630 6823 28547 
23764 5578 12214 5768 21613 19431 13903 3391 9418 

13723 31298 1886 24696 

21784 22951 6386 25058 
7316 21820 24469 24974 
19422 
20980 
15251 27055 3969 32613 19987 23797 2703 19280 29364 
11955 11033 10488 25486 4591 31218 10817 13594 
24039 801 8051 27710 31370 11269 
13398 11604 4610 24319 28613 31969 15337 

3606 28780 31456 6345 19064 16678 18644 
6966 

19595 22669 10002 16678 15626 6656 156 11784 
3449 3860 3412 7476 30985 17504 
12792 17981 727 4444 22588 21090 9621 5