12936 3974 11933 32565 12045 4555 23162 11091 1935 
16057 29642 23612 5415 28427 
12989 14359 29943 4661 
30194 9242 14928 3305 21262 
1665 1414 
10648 21035 1973 3732 14155 
5541 
5049 28197 23887 5848 30495 17909 5623 11651 
5211 7602 5550 4807 
2129 3943 20379 650 28348 9621 31888 23908 25472 
18525 985 14823 
13915 4343 
28522 6885 23779 19734 31842 
13479 22587 
4636 367 15047 28987 27086 30678 1962 25413 
24514 27244 31950 17400 
15182 
25418 17908 9930 18183 12210 2775 25871 16935 7513 
3553 25301 10760 7527 32537 18020 29747 21678 


401 22737 6357 31941 4955 25441 12076 
3509 27054 7929 31487 6465 

8064 7643 

15716 12491 5847 
11921 27009 19760 14454 
26023 21517 

27220 18742 30919 28304 14700 2077 
4344 13048 16959 27208 9137 19398 13914 176 23681 
32115 12751 12822 22443 23260 18413 21906 28916 
4856 26237 11367 10396 14526 32609 26374 27878 8879 
15089 21617 32590 
13010 
7240 24925 15817 23045 
22316 4277 24119 28179 15194 12411 1190 27393 
6850 
2975 3478 12333 29860 18550 24713 23588 24396 
20968 24565 1786 4773 
8098 1076 6657 23004 2004 7764 
11501 5834 14189 105 

19349 11578 23753 5405 19215 20769 32514 27295 31955 
29034 5141 
29678 16417 23396 2924 
25342 11348 25374 
25561 
29696 21042 26156 1990 29176 21120 
16703 18240 17947 19629 8675 26522 22111 
21378 7627 1169 
31765 24458 28748 
26753 1872 5506 8166 16038 

31922 6352 2952 9685 32399 26531 3876 1159 
29173 16225 13639 2219 
28967 15463 11123 13629 28964 30974 
8643 9697 23071 
16571 18020 24598 25473 22051 
16234 31740 5869 20548 24275 10550 6724 
27500 92 15609 14784 9657 20998 11303 24537 
29409 20059 19274 32341 7607 26192 18968 11296 
3005 25922 23085 27824 11162 14258 7659 12365 
1281 2099 25773 6898 
19469 2743 6138 18523 2649 24909 16678 19161 30323 
560 13896 19064 14407 17655 20052 
18884 3583 30272 32342 25460 30605 
23996 
5061 
18043 24501 
10346 30274 28210 9385 27010 22043 17106 4176 5121 
25799 18234 25010 11398 16857 5989 
4845 6978 3326 10453 24921 12034 
22558 9904 11234 12509 
13235 20842 5070 
11538 8579 8351 23973 10554 23749 4512 20192 
25096 6586 13601 7798 30021 12042 
4246 
13838 30953 4754 
28300 23874 19958 25197 7115 17830 6563 22737 4699 
5335 19769 929 
31576 31628 19356 5614 28061 5050 18004 24163 
32259 32143 23293 19629 1421 

2958 10849 31856 12410 
2312 31386 
19874 31510 6061 186 
954 13405 30762 11190 19761 23721 2989 
32085 30730 26491 25818 
10459 32491 9705 5701 11476 12969 7680 7669 26650 
10371 25195 28216 8344 32025 9923 20635 
27402 2344 22895 6247 10671 
29069 30503 21816 2000 27458 29100 
11916 692 31999 26020 5663 20259 15820 16960 
19517 15951 25280 17715 8275 14408 5588 15523 
8965 20104 17311 15580 13625 13735 
13222 31250 16651 17839 894 22184 
23627 20271 14193 5628 26358 
9382 18514 

25555 14436 18653 11652 
21327 6409 13555 19920 10464 17362 9480 28511 1778 
5652 32086 
8507 19333 2627 18872 
18910 8113 21133 15947 18038 11550 
10791 29019 
23045 
27577 
3454 28819 19017 5472 29502 1432 
30475 6018 32320 11417 
1965 12234 12880 
12573 
640 
26380 30591 24335 31036 27202 19955 19010 24859 
23066 28943 15138 18114 9541 
3675 32023 4461 5246 3987 13187 
7662 6641 9288 10969 9254 29252 
7403 4551 10114 
14870 14575 26937 18182 3968 23700 4773 13725 
26077 6179 13692 3293 2275 
17910 11256 19106 26574 
15216 19920 15784 596 26559 21292 8030 15 
21955 
19476 18795 
9506 7203 17425 26827 
5575 24292 28214 7174 1824 921 20420 24349 2991 
26714 5901 22150 11971 14448 31548 19664 8815 
179 

17054 12700 13564 17621 7706 27312 30301 
28955 20575 13610 4713 17601 32284 
26660 20234 
25830 19232 24504 25294 19975 19751 26622 
22758 26071 6361 28714 
13143 
25927 21297 27283 29243 16219 3866 7511 21679 13682 
19285 14758 19829 24256 7483 12018 5690 
31364 7284 17273 30700 17644 6510 11075 
1024 11190 

8328 17474 20698 
31188 28806 3064 32508 23536 3028 10719 
19098 23521 9094 20855 1559 
19094 17147 2678 
18041 26736 13987 6976 13603 6288 
27309 
17362 12954 18004 23866 
16538 25604 27261 15801 

3656 19178 88 17263 25650 
8811 20461 22032 23180 24023 29994 12841 


25227 6941 9556 26004 6422 529 21243 
13526 30111 
28850 21672 29021 17523 613 26832 13311 

9743 9556 19633 4575 
15917 7696 12183 
1440 24944 7090 25446 20808 22436 28664 
14330 7455 1176 10806 29614 22957 4387 11831 
11646 18021 5775 4739 23342 22814 23395 28652 7541 
15823 8132 
10199 19003 
14836 29465 1392 7526 
9682 5900 5365 7114 2379 10212 32257 12788 13843 

25784 10141 19203 23988 25989 5609 
6473 
10791 26328 
28502 520 
12406 10653 16889 22455 20656 21709 8174 
2004 1649 8293 31605 16392 23898 
15082 285 15888 11141 

17746 13112 13546 8214 3366 18952 28624 18714 
18267 23228 5817 20461 22823 
8662 30595 
26907 6903 25049 1333 28509 20596 
2036 19725 15417 29575 18558 
16655 31295 25252 6748 11461 18168 18067 30397 12005 
26979 2039 3875 32643 4735 26832 18851 10418 
1883 4243 18202 13023 
21191 15427 25680 17298 
19266 3100 11800 
32142 13751 2553 31763 29217 
20281 26245 
24886 10436 31400 
9848 5842 21436 
17600 7527 4350 6863 9361 17330 

7249 18765 

15479 15921 10171 30479 

18581 
29972 6560 24017 18395 4452 20328 18854 16071 8142 
5733 22199 13920 31714 26243 9821 19791 1381 
5052 20286 28684 14010 7843 24461 21099 4577 

30200 
14655 
10305 25865 21832 8946 20462 20974 

17875 17302 
6287 25162 2986 1760 30802 3558 7539 
4128 24119 11894 25950 13095 28058 12603 21128 29743 
16668 20403 6730 11788 6612 26458 28165 5408 
13940 780 6738 7265 14553 17790 32036 29088 
30166 18690 25302 31918 7496 
21118 24171 439 6190 30540 16254 3632 32728 
14640 12613 13591 5380 20506 
7 25998 31827 20737 11239 22337 28204 12594 22664 
27609 10041 18261 13446 

3100 3047 9429 13620 
6532 22064 
25483 18131 
3494 18326 20980 32032 25414 3383 5854 29733 22321 
522 
27775 
220 5769 10756 10261 
20624 
29199 23028 

5023 
17064 21550 17711 16908 10129 
11398 20968 24035 
10141 15458 566 14556 31521 16012 

17914 23506 18765 31866 16318 5265 18240 22227 27302 
7256 891 7180 25559 26411 
636 7719 9379 
8931 1234 7328 32116 
10264 
8975 
20481 4743 31943 29593 20045 12184 21255 1821 7689 
16196 6652 
25723 18906 2427 27488 687 25467 23021 
1686 29412 22997 
13998 239 1551 23079 15097 23362 29127 31207 15262 
10083 32087 26348 19486 32290 28605 25950 11958 
1004 
20242 22801 29912 

30521 24693 
11769 28584 106 24076 4831 2355 5135 
13438 
11969 14415 544 5511 
16298 22532 3556 
4966 9726 23961 4749 3456 32487 2447 
17535 475 25782 
8062 12510 23298 4098 5894 14315 9660 
19598 3031 24731 31100 18011 2895 
32166 14943 15148 1313 27998 22796 

3755 
27039 25371 13699 16758 17234 22699 24258 
1