387 15629 20460 17373 
4588 22973 17824 16401 13713 17415 20757 
14496 16958 12668 28687 9956 23398 9818 
5206 13888 11754 29893 13702 30082 26627 
30426 28847 
11787 32112 25017 16170 
11898 22418 22455 26929 19758 
10716 22245 21885 5000 23296 26460 1845 25954 
24410 8421 
7778 24830 28508 9195 21034 20563 10170 
2357 6485 23640 12667 5976 6087 18059 
21340 29962 
13779 24355 2640 19351 25535 16884 6155 8666 7412 
7239 2949 28773 4182 2782 10606 9794 14281 
28684 19982 11790 17290 
22621 
18072 21112 23301 20995 25819 31573 15707 24478 
24670 


3299 17168 23939 
27608 
21108 17250 30129 
14694 25139 1370 
3214 17645 14637 20937 5759 6399 6635 9936 
26154 24807 3763 14536 24156 11139 
4516 
4759 9009 6544 24461 
13697 23504 21288 30536 14048 26172 3923 16637 
31874 23610 2812 
29188 2521 16940 31720 16828 20069 31611 
30525 19587 24690 5730 11626 4718 13159 
1255 27676 11825 10015 777 23448 28631 16464 
31330 15309 7140 17892 229 17249 13010 
17247 16217 7550 
23881 9242 12246 2755 
19470 
16748 
23630 17112 
9786 26782 29448 

31469 31680 6496 8761 22741 7398 27599 
21100 13343 984 
16398 32290 29824 8327 8790 
11103 4621 10318 22857 
40 24822 24782 32565 3461 
19553 10439 11129 
29711 9913 21951 32573 1736 
32318 10147 18116 2516 21583 8624 
8057 27699 11999 
11184 27438 
8521 
18407 8674 32564 28141 
26374 16168 28212 
3916 29798 21668 25562 13024 16268 11116 29664 
10901 19893 15151 14109 1367 11065 18180 5297 12264 
1329 22525 12130 30868 23375 15558 4345 3276 25366 
11582 29350 30566 19340 28822 5690 
25802 

28185 18798 30941 6227 487 26097 22210 4888 19658 
3162 9250 19927 31020 24351 31287 26958 9309 26248 
14618 5102 5904 
17838 
10823 19709 32286 
12718 
30305 25704 30757 21535 25312 6898 8814 
11712 18852 25816 23154 12420 25450 18490 26272 
2577 26984 13717 
29931 29562 32014 
21368 4774 21536 8870 

12348 23641 28189 16613 6485 11480 
5112 9495 12863 27377 1009 17820 
31354 32514 
12081 17782 20704 14850 23476 7100 1508 29367 
18020 26217 14369 
31814 30164 22803 8712 
16306 29740 682 5257 
10672 2837 16643 19762 8351 20145 28100 26349 
32756 9655 17396 25800 18272 2527 
1288 25158 2349 3118 
22864 7676 
3591 29997 5006 3756 19385 26573 24066 
3115 31476 16083 8004 
30261 15101 15431 1259 25409 30050 30771 4558 6159 
27284 20918 16158 20213 20707 7856 20859 25468 28297 
3924 23158 
16543 9047 9540 6956 4628 8158 21823 11107 
10878 24625 28311 11600 26682 24249 30289 
26490 7698 26514 17576 32237 22694 
16612 18578 29668 12349 7898 4190 3995 4770 
11367 8516 13201 5366 11733 6544 

1998 3157 20655 9558 
2072 27589 30813 10157 27835 27963 20569 7987 32156 
27980 6871 15702 31948 
20873 
2127 
7436 12886 22894 
2989 4471 17541 10711 5982 16597 1134 4047 29564 
16001 14784 1397 
25766 23290 28899 25696 6913 32700 16094 29641 
4545 9470 12579 32294 
20989 28677 24763 10255 5751 1794 13066 26828 
11689 27442 8347 13856 10888 30564 
30966 27304 27502 16510 12184 16618 23620 4417 
17362 6618 16835 7604 7164 29222 24176 14862 

3387 17768 27707 16742 10457 27941 14529 16709 13685 
5551 16045 4429 31359 
2640 
16428 5967 25544 25441 
20545 31448 2741 9882 
6688 16061 
3204 22871 5447 
16065 
366 28400 31061 15771 9392 14711 
9966 31903 12331 32245 29155 30305 2057 
16911 4033 19991 25277 
28179 14133 2470 11190 30859 
5110 7153 31083 5820 20223 32101 7247 7195 21642 
12071 13885 29314 15746 18104 30953 12506 27771 
8632 20640 22486 10775 30987 21343 
908 671 13574 22401 3936 28393 4534 
28259 24423 1307 19872 23736 
12541 16858 32362 

10940 11516 
25618 
32488 18715 8926 
883 11263 11305 
15933 6528 14229 8214 3113 24595 2984 28948 3098 
9038 4523 5205 5066 
19673 25261 25907 1786 
11141 14502 14378 21471 3133 
9241 4249 24112 15979 28937 2958 
22791 23569 1976 16821 23065 13593 13081 
8067 29764 17334 
12038 
429 8817 
20775 30263 
21606 10066 4111 25802 
30584 7037 12953 3534 31841 885 
14927 16311 2747 2486 
30616 8112 31874 31756 
26540 
11885 
8066 9619 3415 20157 30830 5039 18024 
9070 7275 28242 30116 
4859 
10569 31809 15666 16860 23348 19112 1014 11262 
24197 7941 9877 4645 
25193 825 11835 18052 

877 7734 30325 14617 
12658 
20753 14963 22802 
23855 22390 

14143 7110 4710 29589 25019 
6797 9357 25700 27045 31299 32079 31475 
30961 13671 6663 27907 28362 17419 
4341 22120 31925 31527 24181 24972 13092 7841 

19001 3940 264 28693 93 31693 3494 19455 
29746 6950 

1469 23676 2843 15360 14842 27457 9768 
18600 19602 
32562 26493 24881 2681 18448 18456 14130 27070 20384 
28274 6084 28120 14802 13015 30421 20517 23004 12491 
31035 18182 995 22090 
27172 8272 5996 24684 21638 11074 7864 
14193 4302 24708 32007 2135 

5264 1615 15667 6782 21295 17031 18351 

1897 15631 23928 996 9691 21357 16880 
20399 30467 1240 4309 10457 28156 30643 7156 22405 

234 12502 18546 22515 7285 25494 16785 
22521 23742 24719 3062 946 7574 
26107 30949 1861 29158 
31080 15013 25071 16068 25794 8438 
26807 25889 

2428 25413 28117 29130 10691 30293 
11088 
2925 9078 22493 
4254 5067 5303 32674 4066 26469 18506 6135 
26956 
13645 21787 6843 32734 19689 
19137 17882 27650 2441 7599 22719 
27371 6273 22498 22952 11737 
10229 31401 
10819 11405 7561 
15276 13471 17663 18264 5661 19600 6219 
11432 1640 8246 24280 30117 11879 29300 19407 
32360 31846 5134 24792 16679 32627 3479 
6362 18497 11391 26198 
4768 19891 21427 5979 24416 13209 
683 17180 31843 22411 3512 14912 
16390 2361 12626 15759 959 7374 12009 29230 
29776 27048 9582 6001 15202 
7172 28789 15784 2343 27719 27304 18670 

4520 22426 
22989 24580 18168 24764 1212 
20130 1302 5943 22558 17966 31789 10611 
28720 5903 29758 9178 22152 15191 28694 17905 
14087 19572 22360 30704 24345 3445 15306 2445 7957 
32697 22723 2269 5070 
8286 3790 32058 29477 
23626 15696 30492 30422 
13813 8959 11013 3488 13524 
4817 22956 25061 5587 31089 
25552 9174 18598 4298 
17422 9828 2406 13150 3170 1668 
18922 17732 11883 
22221 17306 22288 3811 
24439 6274 1729 31422 
5386 29259 13163 30499 12245 
23175 
13107 25780 2109 28407 
21770 11955 325 22828 31665 9389 6264 8237 31877 
11586 1743 11451 18881 11055 23471 29400 
5548 22529 14904 24310 
29487 20063 
23567 
25625 16368 22828 29272 9898 29646 31553 10486 
17086 19763 28593 24932 983 19673 21380 
15701 21107 
30579 16797 12960 9932 16708 24415 
24158 
27792 4497 28182 6516 16064 17587 22874 25311 14133 
16656 7635 6673 25341 27870 8195 21886 21960 18610 
16608 

29474 30750 14921 11402 16946 29934 22311 
4993 14534 
5518 7921 4335 18646 27374 12751 5812 16190 
24135 2437 9502 28824 
8891 10507 14368 24741 1649 28834 20885 16557 21855 
4691 2049 8250 17212 9786 17389 10722 15248 
11806 19222 6199 27758 15176 3226 
14623 17633 6673 32691 28019 21