 21022 15792 10306 

32338 25298 32048 3092 3849 14160 27753 3291 
20721 3253 29623 12974 21346 23162 5996 21833 
957 29004 14401 15821 
16182 30079 620 4892 17130 4910 24435 
1953 5024 31022 16766 14400 7960 29243 13522 
1286 31308 12126 18086 29962 6156 26327 
23069 23055 18777 
26479 13919 12824 32455 30241 11552 15498 12571 30862 
8543 26812 
18854 13056 20551 
12016 13117 29579 26780 23249 4344 15889 
5953 21746 3938 8961 
28340 7577 14505 6837 173 31129 24060 28291 7109 
32483 334 11332 22085 2364 23447 9866 
22764 4915 9507 10399 4925 14387 

2215 8918 8770 15905 31951 32000 8787 
13456 7030 29261 18122 10591 
4957 18441 29192 2832 29373 

28273 15973 27720 28787 12594 20712 
21746 4730 2213 8359 26232 26809 30532 11183 9926 
8580 31696 20200 2444 21177 30780 
5565 
18115 16691 14159 12731 
22502 24321 23776 4939 
15459 
20051 21253 5009 
25860 28532 25045 30704 18510 31548 21889 16084 
8324 16305 4156 22267 7139 
30583 16358 9501 12454 31658 23488 
10073 30582 1682 
3601 8312 18968 4862 4332 7242 20814 5663 26870 
24771 23750 24139 19587 14436 20854 15597 
23055 15386 31435 14382 22744 
22713 27916 23737 4476 30784 

13301 21994 10489 11459 25891 27330 757 16770 32219 
25529 
8775 29677 25328 13475 29627 9075 3313 21889 14711 
7599 31702 
30610 8091 32445 20374 9308 8284 
10345 17975 31662 7641 8428 26865 10953 3371 
7347 19316 23407 4952 

14092 
5870 1521 13238 29475 
5959 14859 19867 12092 15509 6730 9785 5071 1346 

13723 3311 14683 8496 4574 
30798 26222 31086 
704 7733 21782 8672 10636 14979 
263 5414 10414 22024 14227 10210 28698 21888 
4673 5957 18391 9780 
11740 24259 
2244 15183 30442 10758 5963 
13062 1268 16816 7794 29822 
18497 18082 20329 

16523 9800 18890 10669 8072 7817 19335 3193 28103 
30187 10916 31456 11334 
9808 

20501 14898 12655 
8936 18716 
8053 
32570 20234 7463 28117 
12654 19098 24089 29386 26655 28669 29303 498 
4090 29630 25059 1312 31881 15174 2015 23473 258 
4686 18427 19155 
9943 10070 9254 24031 1082 12071 
25101 21336 25119 26075 12620 380 
31594 6033 20788 27437 22576 19679 23130 29756 
7903 29965 
22523 
23595 10980 
32204 28877 13414 19146 16039 25079 
26407 
11341 836 4412 10470 14537 
24706 10911 16503 18133 

940 16185 14340 12089 26632 29888 7477 
2849 20185 17463 30794 
3719 30769 

17471 
24601 
21084 8306 9152 11241 31155 5242 3243 28040 32702 
3554 30757 26045 
25379 5666 8667 17556 26472 30967 14897 

32170 16267 17941 

29799 9013 29301 8391 1650 22131 7123 30835 21490 
20386 11404 10143 14971 30859 32680 
31666 25762 27087 19869 
7761 4783 15584 
7122 41 8386 15638 
10551 

8548 15774 30208 31274 28355 21716 11802 23223 

3797 26098 4445 12218 737 3501 
27283 26616 29174 30850 11751 15114 5921 30661 20300 
22165 24951 26464 
32191 3106 5855 9728 
27641 

11520 24019 23244 11852 10493 9634 27996 20311 
13414 7631 1578 26856 27301 31412 
29547 31560 22549 26359 
32134 30050 30851 

8428 32457 16899 2521 2127 7007 
17111 26093 15165 19250 22703 29943 12403 29206 4421 


27254 3319 21322 18098 27561 15283 26994 
450 702 9332 18414 
32360 30379 774 6730 31049 

19388 14605 11391 25351 30626 12488 
30268 31466 11690 3701 12611 23927 26769 
177 29999 28551 2385 
21134 31570 22971 2395 
32003 21636 16054 15170 2143 13045 4498 14135 
22241 32648 23147 25986 22554 7473 4782 26686 
5522 10512 464 12034 25699 15498 
27831 7810 4831 10076 7647 10468 17399 10417 11486 
30073 2156 
6912 7763 4956 3600 21874 14773 11619 
7113 11266 29734 9294 8714 
15965 19849 30836 8718 
5541 9791 5604 23089 343 2598 29888 31833 14522 
31929 
20989 28509 32541 
4444 
20885 4772 23474 14925 13687 6926 25015 
12836 25724 19021 7991 26873 16936 25909 10036 30966 
10506 27165 21115 18110 28734 32344 23447 6836 16398 
21540 5832 17483 11967 10856 5333 21361 
29069 7964 1654 12429 3227 10136 4193 
17706 23386 663 5019 17703 17551 13966 13686 
9174 26661 2420 8361 28436 3282 26448 20486 
5499 17956 

13305 9521 22030 29207 20653 5583 21279 
6650 8099 4964 18976 6223 3751 1762 3430 21019 
30314 26768 
6994 22513 17553 10164 15705 18132 11591 11152 
29410 31414 31127 14255 26258 6548 
14198 15450 21538 1894 25985 2839 


31858 
29723 10671 16186 
29533 29194 28877 20023 14570 6364 20903 17842 
702 
5675 3450 
10583 4651 23325 3040 
24384 8780 21853 20316 17202 8428 
3003 15698 
5666 7619 10992 30006 26801 
25874 4816 16326 8189 8576 30328 25402 8091 2705 
31473 2499 7733 11399 31369 21073 214 7914 
18479 15720 11702 12854 
9960 1177 323 24521 8830 2570 
25548 8201 26891 31396 11440 24310 
20210 
23771 21780 11058 
21306 16405 19863 
32413 8125 28451 
25171 30467 
13738 20819 16681 
11989 16041 239 26394 25953 32423 1571 25656 14962 
8948 357 5395 14398 2311 21735 16089 21857 
2893 4377 9707 32508 4153 18865 
30348 27394 
23731 
8001 3614 2953 30848 15958 11824 30381 32369 13035 
13487 31315 30327 8138 
23994 
2296 24375 6305 5739 23700 3845 21191 
28124 5553 14499 30805 
32377 24981 7094 27985 6859 11858 3068 
30617 5696 32641 28882 6498 30919 22624 9215 

30689 3574 20331 440 29535 31077 135 
10917 20900 31629 3898 14611 6330 6666 6780 19878 
20886 25269 
14917 18705 
28095 17589 31960 28541 31965 8648 21437 19371 30541 
23045 2143 
30851 30913 22993 16356 11674 30210 8231 24774 
15613 16731 16076 27763 8107 14936 
32198 22263 8125 13177 1681 13972 21143 15631 21235 
22421 12017 30356 28600 19890 
24454 30192 5368 15334 31721 5789 
12492 11647 5521 4384 21484 21852 13830 
32722 20452 13376 40 31174 


4856 25488 17027 15104 3350 12463 28900 18828 
10978 872 19682 
7259 16896 
18212 11362 635 29374 7462 14973 4186 3349 27730 
26234 22373 22952 19493 4421 18767 
8792 28669 796 25514 23424 16844 29407 
25573 21887 10861 27962 12136 4907 
20570 30616 20076 19830 7347 17209 
3205 4430 12886 15118 

31036 31691 1522 
31803 13402 11977 11542 10157 31362 5100 
31992 6379 9383 31214 32567 6595 22143 

31390 19802 23907 8293 
19242 29240 16587 21497 3079 22957 11028 17435 

18270 4075 11959 29956 2512 19219 

24370 23845 20880 23500 
30292 13422 
22889 717 25554 7340 25792 24 
14701 12319 21040 
16663 21061 13216 3266 
15899 27380 21140 7799 7966 3130 
10536 
144 4566 11826 27540 25887 24932 6199 22425 13038 
12009 20221 23585 162 11914 8025 
28857 2861 29319 32327 
432 22782 12588 

14200 23464 1947 
8332 26158 32209 12536 29048 1483 2347 
31325 8691 26153 15643 28674 13062 
31728 19023 3032 
27747 29284 17038 14459 17896 1730 12212 28595 
11450 6791 21170 15774 4260 2305 14197 
25300 
19355 20052 10633 
32437 23982 23426 
26351 22267 11763 20181 16295 31493 2727 7019 5916 
687 26880 
4211 7002 14583 5470 2403 31843 30491 6724 26239 

12492 17235 3730 8603 23748 19643 3435 30880 3377 
16286 24396 32613 24811 27