14 31922 19007 2796 
32663 
3186 17893 26966 4261 25739 
23182 9956 29948 21076 14906 20467 


30938 15367 30621 29387 9937 29632 
23475 32546 
3193 5089 
28130 5688 22816 675 20784 18386 12131 
11802 13681 16096 27265 18975 21581 
1012 
6710 28231 8333 13327 32560 21349 8684 14282 
16941 8414 4142 22716 22803 11228 10045 16287 5986 
19266 32347 11347 11237 
17218 25176 1532 2591 12113 9355 
27173 
21083 30474 22642 
15800 11708 9727 14899 27537 15841 
13575 26108 3415 28659 18025 7399 8538 
32531 26152 29691 8985 32379 20501 20439 21454 2319 
19845 32301 25750 21076 7559 
30823 13338 6608 13773 25619 
3037 5107 23603 
1709 19856 

24212 30050 4925 11272 31968 1400 7222 11365 
5753 27588 19694 11719 27037 20258 31830 1614 

9139 21774 11899 5201 4481 
4816 12561 396 
796 22500 15995 12238 15241 17388 29989 
9067 23727 1815 2714 6006 20647 17668 
32093 28285 1081 31093 12036 19253 12452 1341 7872 
29470 30142 
20423 15569 19256 23840 7120 
10307 24979 10242 12159 18029 23930 343 3777 
32044 30819 25776 3010 28574 784 
29718 27864 27979 31991 16259 26275 22570 
25914 206 29605 29194 3681 4349 30676 12476 
3130 17967 26979 30009 1516 
26232 24374 27818 3708 31499 13819 
7590 3837 
26297 6671 3049 10581 

15609 6473 9390 
31222 9680 4322 7489 9356 8879 17200 10266 1118 
29399 12536 1250 16734 7012 23963 1657 
20214 
32702 20196 27174 9711 11497 5544 
16250 3639 23797 26326 2699 
13153 13695 15436 24776 4615 3590 24207 968 
8900 30367 20841 21840 10805 14671 
25145 9061 23789 
10066 13371 7286 3014 
27570 11621 24504 24250 12528 
18516 2120 24562 12159 29281 
14364 30512 31392 

9739 17772 
26020 3635 
21860 14078 1394 16524 18090 21857 761 18694 15475 
28236 
19854 26338 13804 20107 4314 
16388 25508 16526 
24542 4206 19745 29078 27201 189 14309 
27886 6614 26966 17866 24039 6554 20916 2393 15722 
17998 20304 9494 24873 29617 27027 15887 680 
3504 9352 24871 20653 6772 27957 
28866 24719 29595 
14527 12140 3084 5597 7012 31887 9999 27047 32396 
13072 6582 12823 
16121 20197 20815 21731 10490 19131 
8390 20464 5838 23245 31219 21606 11178 24130 
2454 2544 1956 15560 754 24888 23750 23603 22405 
1889 32521 12903 12463 21047 7531 30498 
982 31967 19537 32426 2071 7774 
7220 23123 4113 31626 12731 5828 11313 
10000 9588 
9527 32021 8975 12416 18747 3 29315 
6658 13103 29200 
22997 19898 
8530 10925 28626 
10493 5013 
28060 19661 13467 12104 8426 32719 7622 
20295 16359 4477 
12199 10573 
6161 13371 11530 29847 30348 

9941 
29967 
26142 20991 18714 
899 18212 14643 25634 
24211 4857 
30932 18435 19255 
27029 19467 4409 13629 16627 14794 9253 11725 1990 
20084 13021 22138 9293 26000 21882 27469 14373 8197 
21532 14001 
27073 9854 10639 28521 24878 14388 
24960 
16900 10087 27010 27448 
24707 24549 
4365 31939 5187 27535 7619 3458 
29870 25742 24642 7238 18437 
30468 10542 13162 
15581 38 
4361 7301 
4016 
11667 9604 8404 
10726 27010 30265 
10579 
10992 5928 23356 
7603 29468 16133 8606 7698 17225 31936 14674 
5102 12036 16936 2216 29572 26049 30003 26938 
11966 28165 15057 979 10487 9056 1316 
14770 
27055 25337 28754 
26561 16818 13586 21917 16779 9208 12062 29024 22321 
5022 27968 5959 24001 17493 14154 
24874 17588 5052 17421 19604 
3846 24132 28501 21342 29048 9263 13172 7127 
9573 4719 20410 29986 17511 20831 29074 19516 8430 
21592 28795 16636 31898 
25523 7445 26530 31011 
17238 18267 10759 13620 27093 
16287 26602 15838 
12845 20905 24344 15021 27590 20605 22583 
10009 5295 2732 16260 
18307 4710 5143 1088 16115 30984 1627 25917 
14299 15337 26552 8232 
13491 1106 20586 3510 21559 9363 19232 20933 32003 
14451 16249 21921 18061 
10236 11239 1764 285 14412 11142 4693 7462 15274 
22008 12590 24638 
26839 10810 23929 19496 1218 24671 5233 
22326 19243 
17574 8538 17977 
18532 20056 10647 2555 
23121 681 15912 13371 
17050 3935 20588 
27057 27710 31931 559 26331 15621 16911 145 
18033 19558 21017 
30345 14132 15975 28854 
12632 11302 
6299 8337 8770 17130 
8480 22888 20846 19584 32562 16666 7578 9368 2947 
29989 2504 17240 26342 14126 
26961 
19462 9127 16867 8442 12671 10792 18107 16133 29492 
10849 23396 11197 
18961 18513 23409 24437 8231 7682 
3152 1351 11640 16665 26297 12543 17013 4953 28194 
10747 7765 7057 1305 26607 6290 21310 11442 
7263 
19900 9057 24277 6009 10042 414 
20549 28707 18285 18887 14340 4018 1818 16430 
29334 113 913 
4040 12213 17568 28408 
8919 32395 24459 11054 27090 25758 19483 
7610 22213 15159 17518 11574 22248 
25451 2236 5821 27402 27980 
9680 11410 13332 6364 17237 
15381 
30418 30562 18201 16435 3327 
5444 16919 30366 16425 32126 2390 
15456 31033 10137 23336 12332 22925 

11850 6083 
16594 18641 6566 3771 7271 23233 29456 11099 1505 

2584 13381 22842 
32188 17484 29136 
22029 29565 


218 7726 32236 20411 
12294 1292 26534 28150 19365 29843 2071 
27892 1985 
24433 
18220 
424 23464 7599 29120 1310 
20974 789 
17851 2789 28546 31400 22369 14529 13505 3802 
8300 20597 
7491 15996 20663 11466 13431 3715 17349 28410 
2702 9518 29826 9498 27774 18082 20927 
5068 
8029 
2643 1236 1215 7490 26469 21497 10238 18939 
24593 4502 11346 26477 20740 30281 28390 
3098 
19580 
10112 25305 20055 25312 

19424 32161 5132 17321 14445 32343 
7099 6032 32176 13119 3855 15742 12076 2024 
20017 9627 8669 24105 4235 10099 775 
11402 15924 
27462 25732 17766 22027 7674 7000 18555 14628 
14474 5284 12221 12977 3939 17534 



26060 21619 
30599 23338 10089 3814 10874 23634 16870 
30307 1907 16478 

9011 6236 28801 21735 4625 21785 31809 
12207 12540 119 16914 21882 
20194 29011 8542 9232 15056 19206 12797 31647 16220 
29583 26652 18151 839 21617 21017 30838 14420 
16419 
14852 29371 32282 28181 
16843 1829 9617 24972 23790 
2531 14011 14169 25681 13998 1259 5673 24467 16787 

1599 10182 25927 19050 5471 17138 
15686 16052 13422 17237 7648 28661 26924 31440 

28916 13463 17274 16317 

16623 
32648 30244 
18165 14849 13556 2358 23624 12839 16064 
664 19449 25461 5908 
20703 28323 11121 16209 1465 20327 12425 
24060 29299 25095 26496 3616 
6506 13704 
10241 27528 
14510 
1796 8559 9272 1399 19702 25789 18254 24234 7343 
26187 28637 16956 7224 11483 27656 15350 12548 
12122 17839 
28399 15011 10497 
9473 
31537 

29418 2278 27224 29771 2503 28021 
27957 18296 16087 5730 5790 4364 11733 14009 


13693 10266 
21872 23013 26787 9906 37 13753 6977 
9394 15360 19308 22939 30159 

32486 23361 3330 14244 12150 
23545 21486 17665 29948 28857 5893 30620 
32197 12696 7561 
3543 17845 12215 15651 19653 19650 31646 26926 
23284 
25726 9194 22729 32210 4820 13709 28258 7441 
13828 29906 1826 29668 7209 18549 628 15729 
19637 11061 13653 29701 8017 1931 
26828 24051 13845 8388 14448 
908 6900 10997 
