5416 1011 
26884 
8998 21579 9257 1306 
19242 22913 23987 
3687 
1682 1163 23105 7105 18127 
13169 
8252 
535 19794 27684 20658 25326 5674 13608 
13177 2872 13744 
29717 11529 26788 6766 
8460 17082 31921 28195 19016 16674 16158 30322 14973 
8153 28292 18933 7463 30484 17471 3673 204 3644 
30840 14369 14467 11837 25506 9801 1719 
12583 1518 27184 3288 28704 27134 10884 22334 20932 
17823 26287 31435 
18856 20311 26509 31511 22356 21419 10820 24287 

15149 
28146 19938 17940 21516 26672 14785 20751 14397 26502 
24897 6425 18811 18363 20719 10094 

19062 15464 20585 16470 30876 27586 12060 25000 230 
9438 
28150 20241 7990 
2042 25692 825 
24495 29006 15302 22427 11117 
10821 16830 16247 20802 
25295 1175 22179 3300 26718 10791 
14159 18488 29596 16875 17052 
11356 25167 20543 
19597 16490 380 29923 28309 32031 15540 29438 
28748 4671 7078 26155 19716 30671 28874 
21160 
9400 27055 5634 
16742 6560 28604 16689 13234 31258 23452 7614 
28432 14059 15204 
9434 
23777 
10459 32754 28159 
18000 13653 7524 11819 9565 
16624 2999 7341 
11292 32574 16811 17973 23314 
2566 9135 29300 8269 23712 18337 23394 4624 26118 
8480 20377 24566 
11478 6048 13169 22022 10666 30526 11045 6802 

30656 30907 
20842 7241 8385 2044 21380 6392 21595 21262 


26559 21767 32263 4493 29414 29088 32418 25167 
2301 9046 27825 338 19579 11754 7686 9037 
15849 
29058 7362 10909 15237 18616 24986 18976 2848 2529 
8813 13914 20381 26803 31366 5530 21461 26205 531 
16722 32710 16357 473 32337 4835 10317 27345 
28466 21482 10368 1657 6997 
16589 4088 8668 4227 
27147 4411 25412 12567 31577 14482 
28493 17339 21967 14689 15079 21234 10650 
24245 
9746 7313 32562 25478 12970 
4688 30672 7493 23514 1090 4771 
1686 1540 5007 20641 14226 
20810 
812 
32124 5162 22366 27879 
23665 12120 27848 31682 14023 353 13915 5541 
26676 


26583 28864 25017 16685 11876 12261 
481 23292 3788 7120 1098 15626 4048 21629 3942 
15098 31449 26264 6900 
16761 31677 15864 
17286 19372 7453 2222 857 26694 
18218 21051 14760 17760 11129 6811 20386 17794 
12645 1454 790 13609 8885 13634 
7164 19753 18790 31832 32047 
26754 
2851 26602 27828 21462 
9291 26472 3740 15076 20562 28572 31152 
32554 22908 31124 28970 7239 13250 3059 
25148 30139 26037 32206 
26723 18022 23618 29040 31216 9147 32588 31450 11773 
17378 16594 9427 23113 32567 7075 1508 25892 
27230 23424 27661 25124 12295 8750 6282 12224 
27772 27337 15237 
11753 7802 24677 
22618 2210 25697 14978 19605 25143 17496 
31693 
10535 16348 10179 
15768 31258 17586 14320 2177 
29861 32491 13481 30683 28934 18361 22910 
16326 1864 9070 6130 17880 4630 3640 
26176 8792 27518 13751 3629 
12752 25253 
22211 20548 18361 30442 6254 3779 


4979 
22542 
15986 16002 20646 
5637 
23077 27886 
22959 
22982 32606 8187 11291 17639 13432 28592 7244 
32443 20826 6795 13965 28929 10359 16433 
16063 3837 5506 7781 14609 
25971 29126 6323 
11673 13196 20962 20715 31118 3265 
13423 30322 22477 4097 17280 11214 30981 20657 19559 

30292 17449 4374 15732 4004 29141 32047 20408 
30954 26233 9046 2497 

8444 11301 16408 10229 917 19428 8598 113 
19682 17682 24183 23311 


14061 3611 19174 
27865 10369 12639 25990 28155 
24597 10350 20530 
32108 20287 23527 
23945 27994 16244 
26769 10303 
23319 26703 20294 12042 31492 
29970 8249 
9372 2565 24755 7384 14276 
15728 11503 11852 15439 8629 
19823 13623 15571 19083 10222 13414 8357 18454 22736 
24754 
4327 16647 14928 
4185 31713 6911 27843 10459 17581 31203 
11431 12260 12622 5051 
16985 4618 23760 1050 
786 4924 30143 22275 9145 1718 20470 
24042 26385 5576 15735 
13310 9743 16956 3999 4299 11517 15872 9902 
24144 4644 10641 
17562 4590 
16719 21332 14837 11753 16203 2049 
17276 1799 3477 22471 
6451 258 26413 18578 124 30750 31311 26826 17657 
1115 

14000 5517 30844 8685 
26154 30216 3777 13246 6876 28450 9156 8576 31644 
440 28673 23539 21595 
5561 16287 26255 25420 21344 24762 28490 
29529 22799 29470 
11086 18807 17282 12336 8833 19888 27390 
5322 23899 15344 
11214 25271 6705 18206 7323 11986 7736 5840 
9968 
32197 6924 27568 29236 23864 2790 15641 22659 
11625 25148 23723 3727 147 26690 18925 27788 26397 
32586 2195 
23606 3252 598 2641 32659 4704 
2770 775 26195 26123 27270 3316 
21853 2655 9323 6918 16601 28732 4776 1999 13583 
5218 20959 3832 31811 13044 16988 19888 32406 24713 
12602 30415 5776 19069 1440 30200 2731 29741 
24551 14525 10857 25221 13348 18572 6713 
10989 22586 1877 24432 18417 10626 9175 
2864 3374 25895 5582 13780 9875 9940 10397 1228 
19836 3609 13988 
1334 12784 16332 30421 16097 25552 9144 
7751 
8633 3920 
10875 32036 18390 29377 27675 
12676 3002 24989 11336 26047 770 7347 
6966 10500 
18193 18598 10386 6588 2976 24142 

27585 30853 4500 10401 3718 
22776 11498 19675 23048 28193 21320 8734 29245 
18664 
28373 6637 20875 32549 
19062 18664 
14977 29357 

28828 7822 1211 8368 3474 5747 2138 23061 13506 
23867 3229 7570 30758 3609 12793 3700 
14958 13152 7715 13254 10054 26073 18871 8761 
15002 3844 22691 16976 14253 23291 
18359 24509 2829 7451 23588 24470 29084 24347 
13957 25166 31337 13188 10211 
12570 20128 29262 4362 
22029 12509 6714 23195 30779 
25242 5642 8840 19337 10992 9640 27977 31162 
7793 4769 9191 
669 19299 782 17658 6883 27301 14008 

7664 7883 14100 14607 

15014 4646 4621 
5605 11430 29026 31240 
1401 31910 31573 
19305 6973 30344 5067 13629 25102 3856 8528 
11603 13031 
15792 830 6893 20303 25618 2889 28640 
13890 25838 26668 15259 20576 4087 23886 19777 1087 
8987 24298 32089 7028 4948 12325 
10111 7171 18843 30150 22108 18324 
14964 20725 15720 10032 18190 7107 21529 19338 
9820 4741 4642 1568 21206 25298 
24753 3277 9005 32616 15426 13560 10325 
22938 19022 25785 18662 6295 7540 11831 

11436 26547 10190 27666 19066 16961 16431 21108 
22067 26083 
12523 20629 1833 10064 32377 21750 
7438 7132 16209 6811 30152 7829 1282 
24748 18088 25566 2682 21778 
6905 
2355 13377 22615 
27614 16524 25827 1001 28842 19213 17270 14562 4939 

18146 9681 29037 
31799 12589 9947 13438 23717 516 22670 24148 4370 
11285 14601 4861 11135 9274 3524 25043 6644 
19093 981 10950 26588 20389 25152 29380 
26869 12595 13975 424 
31697 2399 
565 9908 
13402 9758 
18623 5728 6103 25002 

22713 
10400 23928 32589 15009 23350 17091 16088 4344 
26242 30018 20368 8823 14743 29629 7856 
15700 4244 3301 12191 11440 28970 9787 7611 1056 
26541 9152 5992 
22107 32422 21074 4011 17267 13977 13779 18544 27162 

19922 7522 12275 6170 

2734 15117 30991 25710 1423 28888 
27712 27098 
12455 10430 25746 25909 
30350 
28481 11249 29905 27017 11743 11453 27217 11325 29260 
6013 5461 
18695 1609 17231 32649 6154 22360 
26138 21584 32570 18666 4497 276