
32426 31747 22307 24186 21354 23900 25936 29142 
30768 18254 259 8527 27405 
28318 31820 
19168 28832 9298 16996 23071 22241 30093 6404 
5145 8784 21481 3568 10686 11089 
5996 13826 28722 1017 27132 
18908 14759 11055 9311 29711 
11260 13492 13252 4140 26856 28493 19967 
20474 10839 
18412 25257 23230 7832 7411 6617 13581 574 19238 
30198 28229 3165 26573 27262 9483 6691 3839 12088 
500 20135 17431 17973 20473 
7804 26584 14138 27573 20003 

17953 24397 28844 21484 21843 18192 32011 935 
10051 8539 27308 18030 7956 24986 30467 
7879 15822 16493 
19567 
28527 
20186 26493 29866 29929 631 26362 11822 31286 2468 

24451 12175 28415 22990 30837 
472 5994 14891 
27338 4022 5313 6080 21424 1457 20466 



16266 1266 22694 
30686 9242 12677 15144 30977 16461 13762 636 23683 
25496 10681 24008 32606 13545 22778 5108 
16751 5056 18216 6209 28006 22306 10439 

27891 29543 1509 

10619 1558 6798 7262 31681 24022 
200 30053 20398 
20511 11242 15307 3358 21263 12480 8223 28757 25655 
544 7450 
20618 17736 11849 
28046 6322 29208 
25057 9785 120 23071 24856 2544 11380 3079 

10566 26658 14165 15309 5330 4991 
12248 4124 21338 
2220 24785 28207 31822 7906 13772 2429 
31792 26227 5810 
31085 29695 32637 9880 
21390 
3007 19671 27634 6391 7305 3284 
27450 
31678 8001 9333 12544 30805 12614 
23495 2712 
10547 2070 1703 29839 
2657 30367 17836 22981 
11843 24806 21643 4877 27061 28350 
22322 8505 10911 13153 17640 30044 7628 18213 21888 
23490 
29105 10077 1588 27806 2283 8864 17221 
18596 4823 29672 17739 19490 27754 
10429 13981 3278 14540 31964 22952 
996 
2096 16964 1351 1517 
26006 2822 19596 
28451 
15104 3418 7794 3846 3830 17270 11771 16169 
11506 29988 4708 27936 24956 16658 6118 
2697 16285 24015 26719 15730 11255 28816 8141 
7569 16567 28221 7757 2747 3602 222 

18866 28819 28139 7510 9596 4790 10441 24452 21455 
9181 6426 32633 1722 16133 5708 3965 

7981 21843 21156 18145 27068 

14050 21926 7418 29794 26621 
15905 6549 4471 17033 28903 2753 
5095 19147 24703 29526 15776 24879 23216 
15562 8453 914 32041 10983 
10753 18250 26482 10772 3776 3919 18845 
18024 3788 2522 31313 
29577 24308 27492 29296 14843 6982 18414 
31513 26075 6307 
6184 27280 19195 24087 25789 24743 
10012 20347 13388 6496 29078 17511 19247 12398 
5748 12815 4851 9311 5254 31442 8038 29051 
30694 
27473 18611 28433 25449 1873 
30811 9895 23039 5803 22979 18119 18706 15908 

18908 19395 9093 3839 12576 19024 22537 
30171 14640 6480 26873 20267 15288 20297 

19675 
3181 20086 17616 22251 30612 14695 
14420 15167 13385 
30622 20052 10013 27178 
8428 31161 28026 106 16574 4619 19457 26403 16150 
19145 28077 9924 16732 6502 32548 14324 10325 4648 

3082 9496 24318 31810 4669 4980 
25195 7865 14611 4674 19689 24646 
25677 12452 29818 31305 28828 12760 
31033 
22088 18425 21035 10159 30528 3587 
20712 27470 28353 29528 18008 16725 22953 27413 13645 
16021 23557 32489 29596 5167 13951 

11316 
11745 12685 19150 
29256 31073 30034 5036 
31812 29310 22848 4630 
3752 22983 10830 31439 19290 9272 26664 
18131 
20776 18779 
20050 1887 2516 28416 27016 31222 2010 
3138 29317 10944 10862 13009 29685 25712 31832 12106 
21661 9845 29741 27413 
12941 26375 460 9200 6703 
23496 23008 12326 6353 346 27835 
905 15446 15799 30939 6758 19115 
29412 25385 6922 19711 4022 
25441 11535 19194 25554 2419 3378 31360 
25441 13926 1444 1437 17290 20474 17448 18912 
6051 3953 26779 18544 17882 28929 
14275 
29443 25715 26311 

22009 

32193 8697 30911 31553 8281 
18351 24685 17746 16151 13083 
789 30660 32041 4715 

22579 14553 24486 9758 32344 
30815 12314 1968 14842 32068 2767 16391 
22531 27267 24964 14365 4918 32464 5353 20669 17243 
24751 
25771 19126 29646 
31459 23862 8134 2927 25216 30889 
23265 28404 22238 13286 20499 20722 
1095 21471 29954 32365 18029 
12988 1411 31636 29371 
3341 
10290 8451 367 22708 5945 8808 24017 
17182 2836 26049 25351 3972 16550 27123 1971 
25614 24598 28752 16879 25066 26084 30492 
4573 23105 26404 6179 16502 3177 23781 16888 
1356 31354 
3320 

22546 7981 
10551 3627 14482 11553 32390 16864 5020 
18779 7272 32050 1197 9637 32074 
9316 13950 3227 7478 61 13114 17990 21194 31004 
15244 32341 6676 6082 31980 32312 17788 1668 
24468 10612 15425 
7631 
32212 30143 23680 27627 8467 3608 29163 6296 16895 
21821 10754 7556 21634 17879 16648 
1610 1334 15494 
29446 4257 15259 19099 
14493 25519 9630 26839 9741 
7602 12563 5867 
10206 5676 9170 
3266 10916 2787 32028 24165 26924 31925 
20769 3511 30777 554 
14479 22830 28867 10440 
30814 9281 24813 
29474 21123 17262 30283 25926 
31229 29813 18708 21511 
16397 
22715 23986 29019 14544 7520 16521 
15694 21329 27602 22822 27254 
13577 2506 20879 14236 6063 6337 19362 5950 
20617 4905 32765 28692 24746 23494 15972 
14662 12525 18983 18387 9168 18269 18557 6373 
15979 4961 

31914 5793 9665 15894 8505 
9169 9964 31324 12655 28455 5060 21895 
31231 1903 
18289 20079 1440 19826 32283 13288 
23467 29075 7716 21473 27192 14256 12954 12839 9641 
12247 25680 18219 29804 31676 3514 17278 2832 30085 
14133 14796 

20169 31109 13002 29912 13629 19740 10493 10846 12138 
1832 24070 26707 10944 14921 16668 
24825 4720 8991 1355 13456 
5291 9534 19020 
1534 8463 29659 27137 7061 
24508 24957 3905 30207 23879 

6017 11974 26149 11540 1696 
8717 2964 21345 7245 5198 
29727 9759 31597 18623 2140 31870 27674 15663 
14881 25236 0 12239 
8650 2541 
27104 6694 26824 13794 7158 20861 4795 
31259 14959 30858 19803 12974 16774 1500 
7461 29828 2677 10316 22148 799 9256 18655 
2019 29538 
7992 16644 32061 22139 22624 8494 25823 30500 6960 
29727 23723 30597 25130 21224 2725 24062 
24526 25717 30439 30183 
1379 21177 31347 
18639 11637 1112 
16213 1221 24464 7451 1600 22105 8064 6029 
30717 6368 22183 8791 8458 
393 19026 2049 9373 17342 3092 31444 

4170 3568 7391 6861 
32356 29351 
18178 3121 5466 23200 27270 11678 6895 22599 9368 



31577 19407 
16847 
30553 11157 29655 18548 
21006 16836 
5110 
21986 4589 4869 
8429 
20622 
24271 8128 220 6282 4612 412 15780 3222 30586 


7725 12794 11422 25871 24010 
28081 8702 26876 
6248 
11068 2779 15855 21585 
23193 614 4005 
12050 19301 31252 26430 
31872 18629 32325 
16667 26383 5330 3099 32275 17699 1304 838 28849 
26475 23892 17882 9731 7994 17552 32592 
25924 3990 20728 21025 
14891 1295 22373 20122 26617 17005 14785 27686 20178 
12925 12589 16690 26268 3241 27689 
20050 997 12373 13287 12819 6061 27363 
2539 12372 2629 
32223 26025 24585 11556 8204 4636 

27243 10659 8645 15336 
4017 25692 29572 
12035 5518 24321 27600 25355 1726 10525 13054 31138 
2044 
28322 1220 26891 4038 4547 7738 2851 11194 
4313 10350 3118 17072 20531 19301 26875 19270 24981 
25052 18747 30190 31679 

3199 
25973 30423 
