1 28730 
11464 15868 8870 27643 
8005 
12148 8488 19111 21413 4739 25682 19134 11328 
4354 7922 
27922 22036 19001 
32030 16995 8716 23577 5074 26071 16984 22859 
17176 26649 31345 13963 4084 2187 
10094 17466 18680 17454 16468 
4668 
11473 3316 10019 1523 
11748 27511 813 16073 15649 18220 14981 30434 10579 
28691 30484 941 31237 5886 12416 24277 

15614 23933 19590 8753 32038 22640 14925 
30020 19930 10402 10605 23455 15598 
2117 27929 7981 
25281 2301 9277 16261 18557 
29975 24108 23266 27420 6850 20246 26399 24191 

25904 18090 31321 1005 30084 18987 27568 29281 

6545 15025 19899 20795 8115 9180 20306 16412 7595 
30563 7040 31288 
13823 13245 15881 18899 29172 24265 

28157 8859 3716 501 6775 1595 8128 11452 677 
1761 
20803 9811 14594 
11251 3039 24572 10056 29808 4539 3490 16888 13610 


25172 5204 15779 6849 1031 30876 24335 
15253 20205 19434 32124 23252 8152 17556 
10556 15067 9775 

26135 2187 29244 
3732 21593 15929 7689 6988 15385 3763 3832 
29000 16709 16346 15374 19564 26850 23800 
26907 
29022 22246 
26282 11984 26635 16557 23528 30904 6588 12409 
18910 4051 2830 22884 17446 10467 32567 
21905 17167 
10969 9379 2724 15833 1546 4236 5267 31492 
30849 31201 
19539 7679 552 16651 21283 
30975 17193 23576 26299 4858 31692 12993 
31202 9439 18901 20172 
8347 25007 23817 13361 6830 
13030 12657 7229 
29129 25384 28773 
24896 25143 
15677 30916 6151 3445 5282 
29413 

7725 
12109 30170 29873 5569 
31362 31914 
2869 23415 963 12358 24871 32739 
25442 
21890 2682 2257 1124 119 
5359 24413 25552 10555 29443 2157 19267 
12948 13392 2877 3535 12195 
20795 9488 17480 4279 3725 
4421 26528 28067 29746 15156 
11778 15503 22146 4058 24751 


4709 10922 32650 19258 19846 20499 
13130 
10299 23919 
3530 
21786 10675 15033 
4215 30272 5300 24665 2937 
11770 2143 18567 17710 28861 18700 
27672 23532 
32040 31791 3151 13341 1052 19981 16718 1587 
18000 18421 25565 18836 16881 19054 12994 
22179 26574 5077 

28056 15603 8666 8660 9442 617 
14894 15036 6298 12938 15479 12787 30101 
13469 23789 
28490 6155 6491 25747 5439 28436 
3414 6202 10227 29169 
11083 20076 9478 14363 168 21954 28926 13426 11247 
11902 28787 3892 22494 15346 4041 28991 43 2566 
31798 24133 16361 814 24778 8674 
13717 
14893 974 19027 9444 10148 
23906 27383 7275 28382 
9832 980 28681 3054 23073 26774 
32425 11760 4971 28892 9666 32177 32386 13767 
9643 10864 12780 847 23630 4071 
8415 17721 20288 32693 28415 10872 12647 
13753 10900 31981 
14412 
3890 18411 22020 
32395 4725 20116 23318 
31347 
7465 9773 759 
15165 16274 10759 28496 
21636 10896 

15902 21475 30906 
997 21834 3197 
23122 22413 28384 21216 1793 22388 16469 4654 
23719 25787 18252 27558 31982 2713 
8818 5125 29063 28039 25748 18775 
23691 
7100 2151 13054 
15352 12518 30516 5483 17269 
3329 30755 26076 2157 16735 30874 
20139 19977 17786 31055 13286 20333 
19692 14817 
12180 11851 19965 
29861 
27047 30733 21394 9779 28009 12969 8074 
5855 13043 5890 10130 5526 21945 1832 
2373 10015 983 6845 28483 11136 

6454 21870 11198 20666 3115 
16362 
12162 1638 6065 29581 25604 32151 
1746 31243 32204 4488 4703 15630 31629 28485 
29315 5948 32688 8078 
6902 18821 29772 16580 7451 31701 
7129 19614 17955 13721 2342 17056 20432 
32671 

20195 14595 
5053 30198 30881 10776 
24019 20821 
19842 
24142 22102 13417 26760 18387 4423 
28438 5474 1258 
27067 32690 2105 5091 12725 3017 20517 
23959 27075 1326 17677 6444 
21755 12223 16807 28769 
11460 6804 3669 1829 18974 
24307 16885 20403 
29566 27584 7728 7977 
5650 
30352 9529 22611 
21865 28993 31878 30024 30574 
12970 
1619 21771 24967 31923 19644 31350 
24326 6590 6908 14809 26272 5951 16297 3143 
8281 27054 16232 24899 14117 29370 4760 15980 13002 
17742 1033 916 10562 15561 23103 24629 23141 8019 
21059 26469 11045 11743 4176 

7759 32633 32690 7491 19020 28040 6668 8876 1225 
21763 30943 819 4056 

13825 8543 3661 25521 634 10477 28370 
16147 4860 

21428 23826 
8005 30786 29203 18053 31056 30021 12515 
24006 7988 
11869 1196 14904 17174 3485 30717 4293 332 13068 
1643 
26264 10863 1996 
935 26329 15775 15104 
23446 30882 29500 27408 31665 
23973 12380 
9568 24461 
17574 3658 8290 4885 32601 16999 10245 25293 
514 28845 1886 12946 13097 18955 22666 29619 
10536 2045 29486 27573 27265 21700 12424 19737 
12009 28347 24826 28534 19999 1323 24399 
8966 24902 19671 27887 24896 16193 
19932 16794 4715 21250 11506 31370 4337 18521 
4056 12344 27441 5345 29642 23842 
4400 8083 7310 13325 613 
32729 15454 16921 10919 26701 
12497 4341 
18686 15793 15261 23270 
18549 
16006 1422 15160 
1586 24381 21882 23390 2196 27403 
30431 
5137 4101 24012 
16477 13205 8956 31924 11386 9378 17776 27944 27247 
19660 8535 29416 31680 5127 3888 
31174 30499 8741 17031 20557 30993 24051 12004 11168 
23206 29164 31439 24361 1576 
29284 13996 
26221 2827 5077 11790 21649 32024 23396 12590 
9620 10762 9972 25852 30759 
8752 4984 12289 12557 26386 23002 31023 
27789 22939 30092 20169 8954 27036 4191 24062 3572 
5844 27165 5838 14811 
26960 5666 5014 29868 31642 30558 23530 
5691 7626 19609 
17840 
20939 27194 12671 6767 
734 27684 27531 32296 12969 7826 

28946 32566 18862 22168 6800 5777 2548 
983 15941 
5630 3924 
3841 14222 1015 
17087 18175 7762 8386 23365 
23276 29940 27900 16421 

5083 5317 19015 12303 

22372 32201 17281 
22493 32083 31433 16622 22900 28306 29450 
8545 1296 
26487 19206 2806 12619 28418 31287 27001 
24337 
31163 30830 2742 16306 21829 19864 24859 
19251 2344 
11207 22214 2546 
29055 29823 19278 7113 13065 16825 3256 7797 18514 
18897 16324 27887 23711 1726 15900 18414 
32452 12991 11596 31671 23611 18108 7242 23783 
31182 250 
5812 9113 14970 9714 23157 16794 8617 4177 
25485 23548 8133 23485 23898 18050 4081 17391 
22816 30829 19875 5401 14159 17769 
26138 15251 13277 12615 28014 
11114 23565 5354 18615 29043 30268 2330 6387 
25822 
23492 19180 2868 
32509 7511 21904 
18798 27023 22519 20721 
19422 3594 29469 4606 
32077 27751 26960 
26106 2926 1777 
15620 
224 
20369 24517 
14376 23282 1234 
5438 8640 31244 
14557 17754 21284 25436 14732 
9152 9714 25389 9368 9703 24890 
12437 4847 
20752 11848 5551 19832 
7379 31880 30199 
5313 9781 8856 14801 
10785 32572 18856 23465 15097 12973 5294 20485 
9695 1708 5071 10340 20250 21020 26879 23439 
2193 8072 10012 22448 27348 11843 22630 14117 
23619 26293 9577 15093 13551 26990 19578 4578 4900 
5796 32524 31197 11246 6408 
2763 8601 29338 455 19215 31238 20573 
32469 24084 7797 20061 27342 4705 17511 1173 
28601 
24811 6411 21575 
18606 
8343 7664 8691 5536 28486 6909 22955 
15514 
12507 8446 17396 19845 32345 13446 19900 3883 3196 
16342 31666 8497 17990 

2684 218