52 30138 12430 27882 
24799 
6037 25984 24527 5585 1928 3492 
18003 
30768 
28224 17810 31074 17386 
15542 29762 20163 30188 32101 29558 20799 
19742 8241 4717 19769 3042 18424 
22969 4113 20119 
22225 20681 17745 1455 16213 31665 20304 
9918 6722 26836 26825 5832 15535 2380 32691 26139 
30838 16029 
14276 16953 20748 9934 9313 3075 
19048 9776 21956 23972 24089 
175 
24705 
32634 19592 
24676 28252 30075 7259 10237 31459 629 31284 8219 
24946 13547 28700 24112 19606 7275 20196 1720 

13510 22840 
25443 8817 21548 19303 28236 20870 23548 
14040 21648 
9283 21642 26877 18157 32693 21656 25720 5351 30459 
28909 5314 

14192 9993 28272 13476 10668 1989 
4686 27316 22423 12986 3835 648 
9823 15863 25618 
31065 
834 
11973 13772 6782 
12143 12660 29530 7575 17400 20801 1720 23377 
24435 2743 31239 3656 16519 31321 29480 19035 15713 
25288 27697 13228 31713 32729 1445 21605 
25521 12868 15121 25339 
22498 26714 4885 25767 5514 
6702 17096 31861 6170 32496 27039 25188 20697 
16659 
20395 2685 14415 22692 6173 12565 26064 
283 5385 11915 20730 
10614 2409 23476 14535 15009 
23544 161 21164 
9423 14843 19736 26366 21820 
25483 26668 18321 14818 18465 30436 
27649 27223 9067 29465 2682 
699 25044 17433 24491 29444 14450 27914 
25861 19864 29374 6277 24653 7574 
15126 
14892 10741 11503 10279 
28478 30704 17864 
26523 2244 4890 4383 2827 13904 29179 
23424 18426 31438 8911 26776 
14214 30489 8199 22655 7836 9882 21485 11305 25454 
21515 10059 18508 9047 
22279 5301 8408 609 14162 2925 
1143 15107 29711 12795 756 7938 

28461 
10270 22580 22024 14517 2648 
13148 
25738 12755 11706 19094 16383 3248 6562 25336 
30424 653 13050 29118 9101 32676 
8294 12139 7660 7267 17070 18485 
21039 12255 2527 
13462 260 24738 15449 3416 19585 
28454 10558 19579 
12823 8320 16615 2256 17469 1986 
9561 8703 6409 16082 1453 18527 32294 7970 
23789 679 10415 10236 13405 
19151 26964 16181 26726 13940 3962 19319 9298 
6040 8558 23311 23150 32407 3579 1079 
16670 7455 3387 10389 32022 
3940 269 3663 27791 
5364 10355 19690 
24908 25138 25411 28669 27819 22102 
15003 8109 14056 
23067 22789 1934 207 20510 4724 1298 4142 
16489 24456 3196 13092 10635 32525 12175 
4982 25800 15525 29910 19033 17054 7614 11860 3479 
12955 28484 29115 
25680 25617 12456 29930 25808 8643 
464 14199 3104 17613 30541 
15494 8226 19810 
2038 22020 
17335 19278 6141 8687 1183 
21248 12012 3571 23462 88 5539 13148 749 20299 
24058 516 24698 6582 31833 19300 
13525 8888 5233 
17313 
25764 29116 1575 29867 8608 19760 
19181 
31965 6295 6213 5870 
20739 13422 18750 1418 14249 
7230 13506 24317 27084 29526 11334 12885 
26943 13553 21820 5508 11864 7935 
22566 24444 21542 16554 3482 5982 19550 14063 
11180 26293 11974 2485 26611 
29675 31791 
22552 7854 
30457 
1954 13208 27646 29488 26207 31999 24770 26036 9395 
24397 14921 
11221 17112 
9712 25083 12567 29495 15947 14924 2920 32504 30827 
24823 14434 18134 4762 19608 7854 
5510 11726 23452 
31310 14777 12039 

26849 3821 2720 12731 28801 21431 21741 
27731 25533 18441 
19187 19262 28206 14746 21827 22423 

11595 9423 
25182 15973 1209 4504 21069 
28061 27193 30765 
23882 
16444 21378 7661 25994 30683 29070 
14313 21287 15177 24973 



16964 6275 23048 22782 10972 24571 27307 15692 24566 
16359 23845 18076 15827 30670 1439 4346 7627 
10324 11565 9564 18854 23007 26853 
27080 29497 12942 11028 12320 
10093 7842 20138 
21508 26173 22904 4770 
16501 31288 4294 
12580 17076 28737 16081 

25719 22080 5297 1582 

20190 31159 6459 2289 11961 1338 15316 32606 
16121 26031 32387 30430 4980 16571 19088 
3865 16125 1248 
28260 31844 7121 
7360 
6086 
20220 4849 
11468 
22152 5256 3334 12984 31120 889 


26221 3354 19551 28979 
11362 29297 3538 24318 30375 1869 
23232 13220 30947 6036 7068 8460 6903 3533 4246 
14563 25692 

32148 11569 9255 13847 12524 23876 19248 25615 
18432 9882 29685 
24437 9480 26983 2918 23670 20240 22494 20180 28629 
15518 26420 13701 28033 22745 19502 28027 17608 
13965 
16576 11880 17626 23162 14420 13748 19985 

26569 26358 17418 726 23271 9672 30746 2374 

25905 31935 765 12583 4766 614 11566 
12801 29103 19521 26810 9834 9792 20415 13321 15880 
26816 17083 13464 6395 12442 682 

24075 9876 23116 15262 17293 24215 3947 
15898 12970 30522 1368 2233 16474 27158 842 
12361 18010 17356 12870 
8444 11150 13750 17284 
12822 31205 14264 10045 17464 26529 189 
28050 4915 7558 812 26761 
30729 22309 21943 30700 21392 
16704 31797 13907 14090 8605 2692 5607 2291 16860 
16722 4931 14264 
18563 19707 31027 
4599 29524 5609 31648 25450 26653 
17987 29895 26367 29148 11150 
29713 
10981 22126 25318 
31278 28464 17101 13438 27578 14702 2803 

10353 21238 14181 20808 2492 9513 14432 

28542 24536 28019 7801 16956 32733 14300 31017 
15461 8948 28382 20851 988 8311 
9135 21985 26039 28176 

13930 2772 
23766 5913 8862 23298 7163 6160 22153 
4754 12429 10574 28408 7223 2112 10541 29307 27803 
12527 15961 24927 22830 27688 25262 
32256 22447 13789 31410 27434 19607 22224 11424 18139 
1953 6558 2255 1766 61 10553 4725 30397 10637 
5169 8076 24233 13468 2208 
5583 28244 25216 
8763 1446 2382 27119 23673 12634 16199 25915 14244 

20334 26585 24970 19760 3684 25584 20888 23824 
2926 3209 9517 17446 18553 16773 
11986 
5567 22890 18666 32051 
8231 27752 10783 1778 14372 
31569 14267 2464 27425 25137 4540 22021 29813 14205 


786 6809 23679 12416 
29217 31939 5537 12759 20768 5340 7225 
49 13184 15089 13712 
30577 19314 19419 11997 
3934 1081 16235 15154 2687 18590 3457 
10187 16851 17170 30367 21738 1598 31077 23697 


24658 11796 
21801 5886 15424 13633 31362 10005 25253 
11046 32523 25099 25205 
29452 15653 2291 10338 21218 31318 24914 3242 32452 
23394 2643 30498 29999 3402 1982 23852 4600 15665 
25187 
28602 12655 11031 10596 1502 17547 
27005 10014 12841 9022 19310 9874 23120 23728 13572 
29795 14595 8296 11635 24242 13636 12345 30956 657 
32319 32746 6190 1317 
27630 30132 185 

11854 2569 29023 11939 29253 7451 28232 20743 12739 
8937 11104 21362 27480 3335 23939 32144 31958 24076 
7091 14815 27700 25575 
2853 25406 2351 31437 16916 21622 7092 20831 15033 
3614 24279 3929 21114 25163 14789 
13374 3439 
24993 

30873 7484 
14304 2352 23673 10454 13866 4772 29772 24919 
24291 15113 
23377 11297 24301 
28315 11276 20895 10754 28044 16364 
28871 18545 2108 

26343 28444 21854 9514 4297 3927 21160 6679 32448 
31867 
19204 628 12728 10093 32591 9713 29783 6819 

439 5672 
5678 20892 26508 8735 13653 
7734 2770 
32573 14753 
32073 20921 20356 
11833 11895 12124 
3596 
9836 466 7509 25487 
22544 14407 25415 2521 
25819 5856 27779 19796 29562 4015 17718 29120 6669 
1170 11573 
18769 8866 
18804 27180 8301 
15100 
17958 27293 951 3703 
18563 12757