46 13655 5262 1431 1841 
7725 23745 9018 21233 350 19118 27923 5399 
23837 14638 
14932 31687 25629 
16566 4220 
24161 16474 27977 5157 14233 10019 6821 

20775 30488 24556 10657 17805 11873 
23224 9756 31382 3964 
16380 
13371 11187 1469 22342 27105 26537 18185 
8926 16437 
29436 3651 522 26363 2542 
14928 2059 3674 25564 3076 23883 3303 19465 55 
20874 
7365 511 11552 7327 15013 
24573 25026 18337 
8737 10998 12347 5523 7919 439 
15601 30529 21039 6979 26826 17077 4686 28010 29119 
4639 24689 11445 22826 27845 10370 75 15455 6623 
22491 4571 
22266 
21632 12948 14850 383 

15481 20859 25730 18292 19987 
8532 17577 22234 14206 29185 11069 
4304 18825 24275 31100 24411 278 24476 
8543 8050 5885 31458 18854 23260 12590 23213 
22148 2286 22134 1892 21537 32130 
7855 30926 23262 
14866 7462 17510 
26032 11623 31111 17233 35 
16896 5975 25945 
11356 27121 26651 1417 

8573 11341 
17591 29472 26238 26447 75 17939 17702 
2911 19284 4097 14672 15446 22404 
26913 3850 28574 6272 13394 
28851 
4613 
28328 32455 22422 16460 18202 7334 26321 
25437 28681 4499 
21400 19108 4355 
8130 9319 4267 31995 
10859 27603 3543 19263 8211 31216 3290 22001 30613 
16549 16466 241 576 18856 19927 
18877 17749 20771 
11876 
30806 5300 19344 26609 15869 27119 22217 12533 13491 
27838 26633 18347 11397 2851 21007 
11366 23874 9910 3881 
20708 

30650 21737 10801 10998 13662 
24293 14088 
16966 7323 17668 
28132 16492 7523 28707 6848 
31912 2577 27305 7716 22400 19727 15057 
13464 8834 9964 27113 26174 11148 1198 
23229 18828 14980 27647 25236 9033 
26738 12461 22033 9106 
16334 10398 
17862 22 18900 15907 30350 886 
24319 22235 24981 
11135 18809 
30335 8956 25274 23074 6416 
23956 14378 24849 10379 25689 8048 4634 6860 596 
24400 10959 1126 29933 1407 26000 
1202 25082 30450 
5038 13166 9131 19686 
6058 
28338 3041 7179 12114 22098 22714 
27774 29916 14742 14157 18514 2595 3823 9243 9602 
14442 30538 
18086 21053 18518 
30764 12130 
7965 17145 1669 6343 
15260 

7070 
6955 12018 13140 23557 25577 
11464 8629 2965 
17694 24836 
11412 19232 23757 6806 8666 
8624 13422 16790 7409 11987 
13491 25656 12068 32079 24767 7433 26897 
2554 10396 
25831 14808 14277 908 2648 18698 13129 10244 16446 
12703 29798 3952 17109 13352 13914 21136 30595 23058 
19298 6442 15353 23104 22270 
4777 21523 16969 29271 21379 
22897 17186 1567 1085 23324 12636 14483 25588 12908 
25614 28040 
24200 27844 17444 11889 

28274 12598 25770 2336 21361 22395 31802 
28381 8732 6946 4068 22505 11894 
22980 3528 23141 9159 1128 2095 31662 
27882 9431 

28882 1511 10578 22955 
17896 8210 6588 8635 12489 27681 2849 13647 23394 
27038 4825 4477 14268 10223 16801 
19604 17852 
25178 5505 18914 21461 28814 4920 18978 11734 27503 
19639 2543 20640 30988 6590 17331 9148 
5951 22631 26746 13021 32561 3632 11447 21883 1035 
6239 7274 30879 9216 13219 13991 18460 
19815 9987 20356 25388 5150 24987 18456 14340 
23174 20250 21838 9643 
25004 2020 16619 
19157 
3181 22241 
1002 
9554 16587 24772 31558 17569 24818 
8773 29733 11104 13722 10745 
17798 
5935 9031 17854 31997 31154 10435 12018 

5020 9928 13737 6136 23187 32315 
16373 5110 

29872 336 17106 27213 7143 31150 
25204 26046 10944 11484 
24904 30426 32687 25670 18003 8707 
13346 19534 
4844 23311 25082 28283 2756 1454 8744 30417 20140 
14971 617 

21960 17809 18829 32631 30540 10042 28541 31819 22347 
17581 27952 791 949 4886 

16309 6311 11200 24703 19962 
7024 26558 2615 20022 25430 14652 9753 
14059 7012 17542 15594 17384 15605 
15694 21829 24106 12900 
21649 1364 31281 15073 3288 20980 
362 1865 24745 1303 21436 24729 29825 
8515 27445 26041 23554 17194 
21399 29072 21668 428 
2912 1980 23662 22710 20175 504 23590 
32147 25100 

21622 
26279 26998 24151 16424 6009 

17769 30526 16575 22559 
5035 17310 18976 32712 
18634 31900 

4318 5637 16238 4171 
21779 25743 1648 21369 
19332 26879 23991 15079 20998 
29038 10588 5528 20841 29330 24881 
17815 22995 24923 20216 12706 15710 5878 557 4185 
15902 
3678 
6559 
20505 10653 8515 27687 
9079 28390 22079 242 14368 17896 10052 25359 8695 
21178 14184 7990 21019 9777 


19581 18818 13786 12558 3998 27049 27125 24985 4416 
3153 
15551 14900 24837 20690 8597 27819 
31917 20337 1435 10909 10786 10984 31631 10817 
12570 22521 17537 
7297 32405 30403 8922 18096 
15737 32611 29006 21934 8245 9598 32313 22643 26154 
2504 
30481 13093 25698 28330 27858 
7725 
20949 1047 1810 23189 7434 9258 28042 16473 

27774 24738 23001 24923 13724 16668 
14788 472 5765 32479 819 8510 11849 
5725 14013 14181 30927 29474 22882 
3600 24745 536 11671 
17901 19396 

32414 20400 25984 15467 19598 9858 
5333 26744 11542 1404 
27354 10899 18513 22274 18334 
8157 8629 32206 26928 22937 30890 27911 84 19081 
27664 14191 28669 
4692 1382 31727 13076 
17647 
2850 9646 18701 
17292 23390 7421 17174 30310 17995 32036 25995 
18507 25924 2179 3516 26989 13116 
13325 19491 16647 21593 17099 10160 

19627 287 7554 
15077 18607 
5719 22390 14558 13971 10270 
157 26906 15874 12225 13855 23733 
30519 
24408 18252 24535 13388 238 7662 292 2147 10649 
7856 13537 20855 27617 10687 
28177 9585 9008 
22228 32603 27612 27862 22982 3808 10593 11775 
3735 4646 13916 24662 
24474 14288 
12958 15002 1119 

9087 
29113 23305 26553 18416 3780 337 31057 28861 13577 
11841 26404 5345 20027 3697 24145 
24164 172 19986 745 17869 16147 6937 18277 25574 
6792 28237 13099 
18044 14182 2673 7459 28285 
28796 28664 3136 24016 15404 
32620 11104 27072 17285 21439 18866 1425 3328 

24605 12761 17010 19203 17659 27365 3232 27740 

13412 15035 31487 14851 10981 9137 21193 
7951 8965 22184 22753 22985 14559 24896 18354 
19107 20968 23195 12440 23004 12864 
11563 29190 6773 
3522 18920 
5281 24537 
12862 17774 
4814 21418 31289 27740 10505 
19970 3986 27341 21331 29109 15033 31845 
22613 17492 1837 11342 25922 
28722 4616 3028 4018 6235 12169 21250 19739 
26830 22712 8090 30560 18217 2416 8423 
17294 22169 31223 1507 12944 10242 19172 27710 807 
7657 
18156 17459 6053 2397 29059 749 

30118 3104 18666 858 14846 22619 
21331 11125 15753 28280 18368 6179 
4297 7150 
4598 12707 31959 13554 5578 6556 1894 24227 12947 
6781 11208 229 27757 9484 24536 
5414 9897 20430 29145 4311 11462 
28405 7544 13092 5081 
24193 31559 2540 
23678 3190 

16216 13120 18075 8217 22402 6933 4870 29418 
10260 23637 27863 16331 
21564 12173 30593 15716 2340 

2434 27246 
10522 
28961 21051 20134 5879 18362 4544 
8870 449 11592 1938 12554 15347 22284 31353 
20123 17359 27888 9906 7202 14876 2294 
8865 31767 31745 16429 
15179 29701 31635 1760 388 3255 
12998 26154 29673 1454 
20429 19604 13097 26522 27712 26035 2380 4969 22025 
13887 4974 
