21536 1640 
18591 18709 15738 5958 

10006 19494 27818 
21249 6983 29289 25090 29301 
3986 19785 707 
25929 16972 13947 
15198 8741 18175 9368 30984 10275 
29451 1184 14576 
22602 5331 21139 24497 2795 28378 15445 4143 
6185 15604 21237 32230 18017 4292 29510 12974 
25653 4786 8151 29330 21966 22690 2188 
23917 8846 17614 15285 8472 16170 
22312 7873 19592 10057 27039 
26040 18783 12966 

9356 4737 26051 
15026 1107 1621 

27389 3920 729 
17987 5688 21874 24601 17705 15745 32223 21240 
8800 24779 
19413 10579 18792 
25028 2827 1924 31823 

26478 2034 17552 31884 22932 10501 8107 6389 
5519 25815 5946 30487 4860 7311 1789 1055 
21078 8886 4831 5145 812 17706 19865 8830 6662 
23166 18170 19306 7634 29456 11454 11709 
12305 16195 29026 29522 
15961 587 13862 9918 12787 26844 20975 23339 31195 
21295 20549 8470 
22833 20460 19565 5975 1780 7944 20916 5362 
15305 8491 17415 20256 
15676 13037 9630 
9324 28006 19525 25928 944 14595 
9477 27760 27016 1455 18993 31703 
13187 1058 30856 27186 12814 14100 
20272 
9602 505 16997 31751 27468 29219 4143 8844 
19241 
8334 28723 24026 21674 
19142 
26001 
224 1526 28168 32281 15733 32740 22888 18165 
4590 10534 4909 2215 7815 12848 28550 
390 10018 
30627 28882 27661 23826 26018 29625 13830 
3953 26273 25519 7379 1600 
32481 2242 4611 5714 
25176 16524 16879 17878 1799 
24424 24229 23495 7841 31729 6027 17186 30458 10266 
1779 17502 11041 4141 8528 16362 7662 

15881 
2502 19425 12993 15532 
6510 3305 10986 30985 22975 
7535 27830 20028 
12655 7286 2701 22102 16111 28973 23142 5634 29288 
15232 28508 3606 21111 14875 18746 3547 

6097 14487 20185 12271 11530 2117 
21777 
1590 31247 5015 22844 8355 20225 27949 15422 
24886 24712 8923 24776 32028 23989 14916 

20406 22354 20303 20868 28730 10088 7562 1373 
16400 6955 12426 22204 29064 16152 
23394 3648 5382 20367 
29811 12813 13570 
25639 
2069 
9092 24760 24005 28885 14013 
21733 4150 22427 11929 20014 26905 4629 23073 20993 
12411 294 32108 28992 25172 
19971 20912 2140 2982 28827 1013 
22599 13227 
30074 23470 7629 
18569 16445 8053 20961 8362 1228 3358 
2534 3253 

5835 1796 13677 12537 21565 28900 

19955 10723 3769 15247 13923 16712 26079 
25489 22780 16751 3527 6425 16874 30275 25877 
1359 14279 6773 10743 7312 27279 31705 5590 8382 
5172 2049 
27787 17604 22658 18179 10810 
8742 2637 25681 1466 5942 
29186 25419 21289 24914 31676 4367 5030 
27758 24230 29771 31751 20661 11556 11101 28206 
17516 14330 
20735 8028 32187 15691 14419 23278 23194 28157 
23131 15551 23750 24000 9970 29572 
23466 11226 6731 17199 
27372 
2835 10156 
24517 
5784 
24503 
12904 2926 4075 16172 
14015 21850 18323 
24045 5042 5126 21500 1546 14905 
12676 4149 17228 14267 23360 22599 9357 10048 26577 
21107 
15573 
30992 12619 
31679 16763 337 
26363 10226 12220 29564 4524 


28623 5889 28265 16086 
679 22756 1386 29255 10826 28727 11727 10741 15226 
15655 3049 3899 5757 27160 29115 13579 2818 14202 
17965 25356 22885 12208 20903 23396 10386 5436 11620 
3420 13003 16257 21764 11662 
13359 
32642 15909 11046 19896 32008 16998 22740 31877 4795 
22796 25290 20063 
18225 2873 27253 10370 
6757 28328 3296 26724 
4548 28087 7074 11702 14399 20107 2308 
13097 24853 21831 
23558 12114 15296 25719 

26043 25442 20337 11706 13806 10561 8945 9607 
14749 30000 
32299 14936 27800 4949 17723 13460 1474 
25973 
30042 32199 16343 
31710 22117 9690 8634 17395 10367 20104 24538 

26343 30366 541 17361 28812 
28476 20154 11988 27249 24805 26923 
25578 
25858 32071 
18875 12279 11458 449 20571 6459 4111 26524 28214 
25346 21884 22837 14725 23267 32342 
14405 24914 2434 29799 15803 28944 
21208 26839 1235 20821 10311 
11643 3261 30659 19277 12342 19921 3367 10843 20528 
17103 
9552 21577 16500 2746 25049 4574 12325 23731 
23175 
2209 2416 6344 7731 19367 28134 11195 5336 1683 


11691 25728 14043 5981 
25659 27782 22009 30132 6543 11010 13284 22101 31998 
24298 
759 23021 26215 9138 3389 13733 26647 16672 
31552 24733 6571 23103 29183 
17315 

28378 23210 31429 12902 21499 4436 16820 
29314 17920 15296 14920 29497 
31294 
22519 13191 25750 16687 7357 
1996 
5017 11332 12122 22857 22714 
31061 29863 

31873 12996 32763 17204 9145 
7673 29014 21648 29256 29331 
10706 19792 28933 16539 
20096 25855 24434 18736 30641 6942 
3869 18360 11322 8504 6715 18832 19361 28160 22726 
2133 14417 
28878 5823 5738 9384 9287 
29656 6317 
8876 22119 8273 20530 17232 27406 28689 9516 
20963 3613 6505 24968 
18411 15898 16398 30605 23163 30381 30699 7154 25460 
5692 23598 1145 12864 6290 10288 28018 
14384 4760 24297 9791 4435 782 6744 3059 861 
31679 25458 2034 14322 
27879 20383 
13239 25799 28420 
23738 23649 3248 7031 20279 
23490 16933 10241 895 9143 25851 20907 
13822 23964 17148 13408 14587 2532 
13371 15245 24965 29218 
12588 26314 29847 32290 1525 18453 6625 12941 28622 
5289 8945 
29305 1580 20493 7435 
8033 22347 14381 16250 2405 25113 27217 1899 
25224 1286 25365 32172 13062 22858 10064 13903 6077 
308 2136 20409 10933 26309 
559 3962 15256 2212 23787 28606 18491 
9324 12371 
27001 
11675 19058 10101 7125 28760 11842 4669 25795 
25653 27874 27157 18015 
8585 18889 13802 8706 16710 
21186 26539 12538 983 18273 19257 12446 23203 8774 
3822 19336 3815 26692 31852 
18412 266 15100 7038 10904 27383 4352 19610 
19852 17987 5848 28792 
6444 15074 27291 1674 
27158 30778 15045 7460 22158 5933 13974 27079 18174 
19856 
11273 1343 5652 
27110 993 26166 31023 6376 18297 
5295 7031 19520 6537 12108 14867 25846 
32110 21971 
26862 28579 24230 1144 1349 4760 20807 15208 20111 

23452 
13904 25578 13458 24553 24199 10129 14028 5557 13550 
1249 23939 17277 32531 26392 29293 25074 
25003 11488 21018 26519 30372 17809 
14422 19523 18206 14687 6891 30530 
29949 9153 27732 7379 27821 22230 12693 23939 19436 
24098 11538 2196 26394 24168 

3912 
15437 26067 14208 19083 1381 16796 195 4628 
29275 27697 8609 23238 1171 27458 
25115 1957 2214 29683 25330 4387 10298 
3355 
27081 13945 
3992 18329 7044 1252 11286 26313 20010 19349 
3934 27829 25475 12555 23882 12753 8440 2508 
23280 17791 19627 28950 31727 13194 25060 20585 18477 
14860 10005 21842 11884 17758 13252 16203 27230 
22182 16869 19303 3977 30447 31052 32304 3691 
16783 11002 1177 32631 25216 23380 8523 27950 31683 
30715 9842 16713 24220 966 28342 

12534 9682 11921 26298 19191 
7181 11963 
27684 
25663 26187 23767 15838 
4121 2012 

5082 27914 25940 
20655 
24950 6332 24665 
25106 9395 29686 
18643 18855 32410 17071 31153 25391 
10308 5909 8912 8970 29110 
16267 
6823 30020 20541 5459 6486 1802 21582 27420 10258 
1467 24243 
13031 31668 32286 4121 5393 9083 3395 17687 10563 
8440 3405 
26799 29528 71