752 1472 4387 9703 25444 27238 
6821 25669 
3902 
30257 5337 24254 15418 9819 13077 26203 
31666 3371 
29783 530 2124 22038 32599 21459 29770 17865 16940 
23834 5856 31126 9955 10067 31634 22476 17204 
28187 
988 2978 15593 6530 21807 9884 31021 13891 5372 
11199 5160 
25008 7854 26736 16842 20417 18651 11267 31464 16581 
10838 73 15907 8421 6834 
22042 666 20790 18543 
22217 24245 
12040 
27043 21132 
16957 25796 1768 8855 32561 10510 2008 8092 
14531 
29869 13605 10865 30546 18652 25920 964 26022 3027 
10817 20147 
6724 
32158 

534 32675 

24524 24174 7379 31911 27449 1568 21588 25013 
4721 30252 17170 3010 32086 
246 18977 20658 23556 9809 7450 14595 7952 27242 

13209 3325 
6380 12141 21020 17338 32225 19247 14661 5703 
14324 11524 26802 12325 20301 23441 15927 19058 10014 
31846 13774 53 11177 44 31748 29159 
5212 15891 24044 26933 8003 5492 10458 6489 
2738 14333 17278 10013 7840 22383 
32758 11231 22179 6072 19901 21864 24183 3708 
13385 11918 1154 12453 20333 4574 
25436 15232 
15246 4026 6674 15574 2626 7361 20391 31633 11812 

26600 15501 1649 27348 8007 
10840 4416 
12843 18083 10594 26824 24662 
6232 24213 16274 14558 
7485 6095 22310 10812 29872 
12902 
25424 
30311 5888 1851 20476 
29221 26217 
15909 32113 2099 23868 4844 
24280 22566 24854 3863 15523 31014 
30517 22956 19370 

31744 4654 
19676 14557 16072 24957 174 23092 14723 
22406 13836 
23288 32307 30920 8089 11629 
26216 
21932 13060 30706 16947 24377 7695 31333 10071 21159 
24356 
17001 9482 18229 801 3064 22896 30967 
1228 2970 14104 
25745 31646 20553 28129 29357 
12720 8813 14639 
29957 18387 9888 21383 26045 5465 
29069 5197 29139 5029 23665 
25470 5695 8812 
20269 17998 18253 8208 14015 
24655 8168 24835 13185 3089 20041 16691 11080 
11320 4365 11101 29543 10914 8543 27496 10409 9371 
19101 10824 
9510 30959 16796 9062 
10859 3201 28534 14204 13694 
17992 8743 16426 14386 6138 11150 12105 
10410 
27812 15368 21511 21378 5277 24737 10423 11738 
18163 7497 12420 21763 18908 7198 

2170 
18054 11412 24808 24613 10952 22750 4490 3040 
2226 5500 12892 
2683 
2283 12953 889 914 
21415 14048 23422 25283 29736 


22067 23940 15555 9821 19913 
29593 30484 24544 10449 28437 
25260 16135 2299 18579 
13517 
3743 10266 32326 22236 18023 13560 
19069 1363 6462 29181 12953 25354 20432 
10295 20387 4263 24548 11178 12805 29314 
2877 1916 
17457 3068 
22349 
26163 20577 9439 

22462 9107 9686 
27831 3034 12703 
10922 2046 20811 5209 5703 17986 6464 23694 8312 
11991 15786 31898 5944 
20366 1202 31401 29125 26425 

7014 24021 622 12092 9582 
32532 12263 6289 30003 31989 26824 17145 
12313 28474 
28662 4636 32378 9541 3057 11471 24251 
31027 14418 
18110 8533 
21074 14452 22720 20658 32266 19192 3123 3971 
4038 14639 16750 21877 4640 12574 20104 20172 25542 
21672 5334 29269 24129 7997 3139 17253 21059 28192 

26139 32028 15590 10799 
6231 14096 10843 26683 
18379 8065 
3830 21902 6381 7758 20922 6324 
28296 16615 
30521 40 31637 32060 30750 11696 8529 25566 12717 
18119 18558 23584 19717 
23040 15447 5892 2985 3574 6470 25906 22953 

13233 23357 1195 
25297 10129 
634 22546 5428 7237 872 23176 9073 

3122 14312 7719 6338 31174 17991 
4488 11243 26939 21514 29698 24603 18771 28386 23813 
29543 29397 6923 11661 4239 18106 27921 1857 17334 
3009 23874 15152 455 22433 11729 6809 
20362 521 16605 10742 31667 
10976 5014 27085 21270 28154 29672 
8112 24628 7778 24137 6285 
14809 817 8019 3091 13819 12466 10218 13007 
8371 2232 7374 11204 4143 9492 21777 60 
18257 6109 20152 4999 14715 
16457 11752 2314 12142 4722 
32101 
29179 19950 17741 27680 15861 17514 13551 20205 
27699 3331 25258 12866 12458 29724 28753 
9569 13264 7972 8375 20738 27463 826 31608 
20075 23791 32082 21173 6767 31206 3495 414 
6352 12377 10135 15870 6619 10297 25739 25408 
20908 12457 25201 6835 28196 32668 
29427 20439 27970 14614 23462 29671 19702 
1536 6001 12558 15962 
18732 8185 8492 31361 
2022 10853 
16823 
20537 22037 4267 581 13453 5632 1849 
15512 19632 22265 3478 

25864 5607 285 

18777 
2611 14295 14749 3507 31947 4479 23174 19568 21116 
28595 2276 13476 10533 28568 32011 
19597 16770 21327 


18929 8884 
21921 27106 
29 519 22569 8562 19967 17723 18640 32007 26784 
5160 22066 7761 
30001 
1095 32342 
27948 6159 909 9674 10203 23583 
23786 4539 8815 25101 26354 9941 7008 28670 19746 
12848 5646 2248 3401 29724 32174 17789 
11104 27049 31200 5276 7030 
27301 1415 
31877 4472 25261 28750 13565 25978 
7633 
7829 21913 18898 7280 564 16553 13121 
26851 
23879 2263 32427 19438 12153 21755 
9872 22888 31709 4710 5516 18096 21402 24253 
19513 28609 28292 
23697 20652 24804 9741 12149 15348 11489 27900 
27529 31494 27402 32471 32474 6928 22543 
27081 13710 1247 32353 14281 6559 15453 
31554 12293 13493 
10966 22446 3584 13510 
20196 6751 
13535 9610 15045 3157 19781 28815 
17201 20920 16661 30634 
4322 8508 29005 9533 24310 32687 31424 23961 
7444 18777 5388 28024 5132 
17539 3793 23260 19100 30366 12895 31724 29453 5681 
10387 
3366 
27781 19535 3475 
6450 10899 19469 6034 6939 8139 30735 24974 
10102 26093 13516 30508 29695 8261 7142 
22449 
14298 29497 9728 25344 
9444 
781 144 7584 1131 

9836 15170 6925 30152 
31559 29574 5662 4693 4556 8995 1223 20457 
5350 14821 31480 19035 
29489 18648 24461 16130 23808 23195 4453 2922 
159 27854 20510 
22840 
16445 27526 14997 5376 

18336 6237 
18239 
21737 15442 16775 3121 3277 5391 
7739 18835 3013 26448 26029 22865 

8662 4391 7483 8931 32271 
21108 27389 4403 23196 23682 6132 12265 31709 
27610 19518 331 
18981 31991 28033 14372 587 
2267 32264 20569 
8249 465 24561 24495 489 7601 28346 9824 
14896 15280 12910 22608 6901 27947 14414 
8904 5106 7498 5714 1977 
2643 490 17209 30418 1743 12089 
25304 30163 11684 1653 4005 11312 6085 
13105 5537 12849 22020 20474 24511 8499 20880 
2068 
7264 5206 
14106 
7466 

6220 21560 15623 22525 15596 17815 31578 
31099 3750 
21252 11963 
19001 32213 17867 

5106 13402 1400 11116 28825 27843 7748 14588 23436 
2120 13548 7133 29878 5635 22408 
17461 12788 7644 1357 

10661 11223 21747 20739 18908 14043 
28786 29389 6408 25907 529 10986 
7285 24518 
12741 2127 408 12967 1365 8839 
17978 6155 1500 13195 10105 
29804 2085 
6894 12636 10024 15410 
17982 16128 12269 1826 31456 18498 5163 21142 
27776 22559 24251 27190 14898 25826 
21327 30298 18856 18076 27911 4197 30222 6078 

3421 4498 13691 7842 
7811 11641 29453 
13034 18568 4005 15702 32149 19527 1034 20032 24721 
3602 20421 8751 
24800 11760 398 14137 3161 25934 7069 5206 
14992 26127 28868 26224 255 5936 26965 
14964 
23965 5986 15330 6342 11497 

31922 3744 20115 9852 14227 20722 24290 

26360 17622 31691 
13149 11625 28639 11400 5538 19947 12285 8812 8729 