1688 6769 30562 17367 
4582 20251 6730 
2581 28502 31011 8379 
29095 4608 32263 
12466 
21016 23370 
25353 2224 30189 19028 136 
14024 4139 10388 5586 13552 1861 
28398 28781 8654 
13258 21401 29616 24977 
32067 29137 25032 19088 27049 
31100 23667 5055 7362 16721 20887 
19959 7070 18937 9711 2545 
9975 10258 28529 

10140 
30994 9107 7950 29842 13150 1022 18136 
27566 4860 26163 9440 28344 3278 18411 21951 10433 

11961 8176 21609 

21785 29596 11108 16338 7604 7287 29439 22045 4816 
15914 20897 23542 7489 7498 545 21402 
2292 
31617 21298 5803 25928 

1465 19270 5912 16254 5846 27118 7080 
27198 4173 12925 20403 30789 2404 
4314 609 28611 10580 26932 24879 5423 23729 829 
27514 7329 10400 11312 4083 6876 28770 18681 418 
8304 
20767 20329 3285 30824 5367 8129 22183 31337 13925 
4424 17829 25798 5954 11120 22879 31790 22581 12775 
4381 11525 13732 17385 5017 23419 8914 13068 
24110 12131 10233 956 22079 25810 
5607 8049 26245 25141 4033 27541 16612 
14324 5384 22012 14061 
24082 12589 9386 19838 
16032 32673 
6545 10173 1437 11060 1500 28075 4288 15197 
7167 15657 24217 
2732 11538 31573 2840 3328 8135 29485 
21358 26422 13803 
12579 7904 5403 
1889 6416 8902 951 6793 21421 12001 
21325 26653 

18946 1337 4141 12041 14270 8884 32598 1992 215 
27660 8987 24723 2259 266 19429 23075 
10110 
27803 21002 17076 24627 23896 25468 
23680 2353 10444 30148 15776 25621 12415 26967 26490 

4094 31774 20949 10794 13499 32740 4667 5470 27446 
2483 27152 23609 
5243 8536 13141 13927 21167 27064 19640 
15208 13580 14097 19558 23968 14408 13424 24326 14477 
27827 1481 31810 26414 5 20328 22708 7875 15901 
19693 6426 13477 31025 8757 28330 28612 27243 
23064 1328 6877 15090 30398 
4884 
20502 5391 17081 4316 4355 7321 
14014 
18823 30691 25680 17042 13572 
26884 6265 16439 2537 
26850 2638 17697 
4800 
3762 21245 5982 9278 6856 21588 
30860 27232 29226 19704 25715 17054 10763 25477 
19401 10151 29721 21085 24234 7302 24419 5542 28373 
27652 31602 8593 26834 20846 8687 26921 
23872 15506 9672 31126 8995 
16066 13668 
27445 26845 7252 3375 15403 13471 17800 6330 30566 

23689 20049 19674 1108 21989 
9473 
5160 28037 14305 12421 9523 21326 
6084 29593 28614 27478 31329 
6050 18298 17601 4797 16259 


12349 9261 8231 5380 
9635 
9897 18640 20452 8218 16818 7114 10249 
8026 32338 14767 16722 30062 3553 28779 16611 8530 
155 
25386 2688 29178 1235 27342 
13368 29847 9989 20638 27485 17979 
15523 712 11337 2506 
4853 16647 21136 8291 18906 14053 31882 20731 
5652 1276 25299 18043 
7381 3617 7508 
32649 2965 4637 25398 
7565 14923 20214 4370 15441 
3775 21697 30418 4167 17451 26379 15552 3397 24243 
2381 12306 31728 28395 13241 20397 
30734 26914 25587 
9782 19462 23693 28216 20970 23402 16660 14233 20530 

29084 20709 6279 30148 8996 6090 22458 
16652 7975 30481 9816 23963 7489 9879 2684 
4095 24518 20443 22283 18059 
17872 794 8619 29361 17072 15230 
15012 9497 15190 12687 
14366 28332 29715 18128 
15119 24269 834 27235 10037 3618 25512 25306 774 
19601 777 24781 19896 4551 21834 
20219 24767 
32430 1968 27552 
28974 6578 4063 9990 11905 9739 12067 
11589 14377 8956 30147 30217 22837 18210 10112 
19858 24457 13621 13455 22312 3946 
23679 16898 20909 28596 5866 30812 26082 31905 23535 

20244 26232 24075 24214 19286 3032 
5142 15456 30100 25392 26869 26450 
2597 9252 21358 29666 32101 
30543 4865 11198 23871 21618 8436 10902 5892 
28589 19652 
25202 27513 504 31631 30539 32307 24277 5082 21818 
2066 4613 
14571 
3336 8949 10222 9562 26887 28916 
20708 13971 9393 30858 
7787 13779 17454 17375 228 31551 9230 7048 


18670 
29587 22319 25690 23742 19542 
3703 17813 
7527 5266 14976 18832 6655 13928 31491 
16844 14753 4598 16132 13088 
17217 7897 26864 30347 9034 20501 5282 
25356 23834 30501 20382 8547 752 3143 12211 
26928 27061 2304 32288 3169 15712 
10541 18931 31494 19385 28069 8435 29196 
21542 3855 24563 28633 20251 12907 6735 27294 15015 
29088 30793 11292 32590 2064 

30659 10179 
667 13324 15685 
15597 5041 1450 30488 22587 8079 
12713 22774 10524 1380 31311 
30554 
6072 13932 28251 16808 3737 2329 22790 10033 3317 
25361 11854 2506 12972 23915 19862 20771 25515 426 
6337 13225 20115 11667 19339 18431 17221 4751 
27305 7246 23147 10914 6962 9937 9099 2748 20444 
14464 25048 15262 12032 12215 20738 1521 9767 21859 
26573 
6969 21862 23535 19918 5406 27447 8516 
13746 
4542 3681 2361 32511 13666 22436 601 
1290 32728 25622 390 4110 6202 17814 1344 13755 
30575 17691 
5937 20194 31719 5511 23538 
2470 12471 23262 20563 6424 
6940 2339 6183 
4679 1489 3487 17375 
11720 22533 17348 32425 11107 4094 11631 3706 780 
19579 9313 4140 21913 19995 2371 8270 
3651 3618 4041 
14354 20315 32604 5763 2346 19594 4770 29111 
29761 25537 6104 31940 11586 
3163 11260 19704 12490 
25704 813 648 24336 13340 
1474 11983 18177 17058 19992 3946 
10607 15574 9751 19905 27831 
22933 29927 27533 1026 22473 22556 9480 21954 
26646 13300 6110 
13856 12350 27186 11403 23246 
4117 23108 18992 5765 
15734 5176 
9750 9783 1732 14460 25531 19347 17077 5909 
28155 31480 
17429 20020 27679 
32686 5134 17350 13563 2781 17629 

12345 12203 9735 18048 9788 21736 28525 30618 
1087 554 20551 6079 
21576 21294 30863 
19110 4124 21501 13322 4716 12294 
21860 

15244 8632 21121 
10919 
1873 28015 
6978 13622 9769 26313 
12040 15133 
13222 25357 
8038 5392 24623 17253 23915 21796 
26161 
10057 11947 5474 30562 30483 3582 18076 14562 14899 
32357 22619 27652 12619 18019 11816 17675 1208 
25494 
10955 31883 18680 13891 10196 25421 
27037 25824 19807 6422 30806 24860 4298 
2792 8170 27590 16077 17075 32548 9700 

31803 18159 8518 2469 26584 8408 20630 
7797 15195 
17452 
25476 31255 6594 20253 3535 13040 23150 3597 12 
26872 5660 6740 3141 18264 28815 29627 
21026 18645 11958 25697 16288 16165 
10446 8832 13458 1703 
11303 23657 30883 21628 17200 4294 17008 25396 
7655 15686 27576 14901 30081 1737 12084 13421 
26658 16215 
7445 1969 13719 

5721 15080 
28033 19487 17665 21145 27724 890 25188 16948 
19038 6532 
25378 27387 
19402 29887 17336 217 20287 28127 31731 
18973 26451 2305 24586 15354 19270 5489 15030 
1797 4920 19924 6763 18 18198 12431 5281 
7898 
26441 28437 30356 
4045 28698 28583 27863 15937 20298 1582 28996 
5187 26571 29934 17719 
25306 30703 31403 1549 25125 752 23887 11632 
15368 18569 
11324 6662 11364 673 6890 8537 32172 23355 
26004 23700 13003 19596 9378 11049 7274 1216 26518 
9966 25437 10115 
10483 28272 3332 7105 11029 1988 71 
25804 7326 28455 10078 
8708 26833 8106 4112 4167 20891 16908 22139 11595 
7391 7315 806 13397 23149 15334 3687 11935 
2053 7820 5081 18920 16329 15680 27949 
13921 8010 19968 29590 7108 3337 30636 26379 1831 
11268 31777 31455 
32349 807