16759 1316 
9070 10301 28713 
19557 8812 31164 13171 29345 16265 
21415 5801 19368 8520 5828 21988 
4336 2065 7782 22474 8402 22826 25267 3231 
3949 27061 9892 26014 6271 18381 4801 

17416 
20163 30586 28285 2958 17774 29067 
5592 12591 16801 28404 32456 
22847 

19213 31451 18459 
21295 19596 15206 17479 11565 28225 30957 11946 
32014 10469 2291 13258 19656 25860 28444 8265 16304 
20490 
6993 7771 7126 3075 14257 31505 23064 905 
7305 2368 23478 
19313 

4829 3942 4415 25970 14215 
6967 
8192 29972 11930 13018 14681 6125 27258 611 
1094 5274 16829 32046 1392 1446 26542 29271 
8275 22767 21127 
28398 26926 19274 31050 
2691 24055 12925 25564 
12651 4142 19827 25926 22711 5052 11185 12730 17312 

3150 26493 31777 28504 9139 24510 15621 6577 18275 
25710 6824 15140 17011 12892 
3361 9202 
26408 7443 26508 12886 20278 
13294 32368 7994 16557 7648 23877 
12667 
31699 32108 24461 20546 17833 23602 5697 
28170 624 17784 24623 19381 27387 
2070 3363 31460 17760 17938 30499 6890 2621 
13408 7211 30112 
5623 17916 
27573 19532 4595 3298 249 1676 21372 

22534 31000 
24376 26980 24629 20458 16089 11186 20347 19504 
10444 
18128 

13764 30509 20936 13933 23638 21367 24758 29265 20060 
32391 30090 22560 16080 20285 
30222 5716 865 31909 16070 28506 8108 
4802 2354 18641 12908 21298 2448 24604 20788 17777 
23793 21255 7539 8659 10018 15561 

25750 29570 829 20351 11479 23707 18606 20713 4554 
32466 16766 27177 14926 4902 11870 
19199 23535 13443 3240 10304 8565 
4521 2837 5317 7755 
10869 6308 
4643 30783 5534 26841 13701 
16142 16495 29694 
24875 3433 1157 19999 31660 964 31331 6149 
9999 31528 15728 4025 
25414 15864 8334 31917 21029 15037 32063 

19433 14571 19847 
7455 24832 21648 16091 13198 12490 17112 
20092 15380 19757 30549 10788 21840 10889 10782 14829 
31413 3496 5214 20221 
30547 3725 24360 24120 20485 5777 13839 
18164 
28026 27853 8486 

9463 23263 30755 25259 19393 29011 
2119 11591 19148 21077 22003 21948 20722 19086 


5170 2172 1958 18262 24622 

22656 16086 28581 15693 3924 
25745 2683 12613 
11356 26356 9980 10386 
28815 29079 31620 13169 

14107 28463 
12592 350 
12422 
417 
22716 11598 6344 13068 5095 16926 25172 
981 17293 24278 24308 6073 

7646 23227 13979 31728 20731 4398 27729 14963 
25826 24851 25728 5467 14004 32653 2097 
14992 
9329 32273 11150 32161 5689 
20171 5738 10453 
11960 15600 27268 
14644 17724 30097 9697 23906 26300 34 
29754 16041 26319 9829 19832 
15675 
17466 27989 7301 7214 14105 1979 16197 743 
2818 15202 10472 
1661 
3094 2126 19907 29283 17481 20618 16964 
6340 30902 31629 5483 

18958 25361 6957 24806 12421 
460 8686 19754 4189 19077 1200 19069 30031 
17677 28604 16039 18381 7458 21682 
2102 15350 15414 13425 8500 
27205 24104 5953 20761 20332 
20324 

21306 10864 15374 30317 30663 24454 
22474 17637 12201 3891 2945 19851 
29572 7220 
15812 15426 10816 23895 14040 22445 14362 

21653 2597 6959 18757 

27983 7144 17123 20064 4565 18696 11973 
16995 5142 28573 18032 31611 30790 23603 
7314 16291 30991 23206 18904 12964 15915 
22627 25381 8720 
16698 29258 125 18009 
26749 26899 4551 21355 9979 20810 2624 

2839 11921 23171 278 
26718 13097 23379 10615 27161 15751 31394 14794 9120 

10178 20954 31998 10043 
30078 16282 6036 12483 26545 18765 31588 1395 27528 
22656 22950 20075 359 11442 31021 14656 
28768 18933 

105 30652 26166 27312 27616 31109 
645 28677 28184 887 31146 14664 
24060 29863 
21348 1899 


27328 4037 
31853 6477 4476 5983 32235 22374 29938 18110 2237 
1432 16305 10591 20327 4372 26694 23827 9174 
16061 29800 27362 9549 2008 283 20920 17308 30679 
25062 31593 17634 
6436 17749 4058 
1102 19127 27297 3329 26821 
27387 
27052 14563 32677 16507 26713 
28413 
26995 9809 13243 
20031 9148 12996 32005 3078 32000 16800 31867 
24180 6728 30567 7611 27692 25148 
13542 8224 13390 28997 423 11316 18021 
22955 28509 32157 
7827 20729 
4744 7980 16913 27252 1357 9086 14980 19845 32638 
24673 14363 32275 14223 5787 18056 11027 1101 
2831 6991 
13646 17973 27037 27519 6579 16474 2495 28930 
20929 1961 2552 3169 26964 12541 
27927 4052 13955 30774 
682 31765 26576 
11605 23762 8102 32436 
19361 26867 
2780 3031 22767 29353 20817 21724 15838 20647 9255 
11364 27709 19785 32532 2250 14107 
14434 14896 
2660 25617 13766 

1594 25465 14998 24157 24108 12568 11251 28384 21354 
6518 8400 25257 29592 1109 530 
23127 9835 17328 28211 28472 
28365 30607 30389 27873 10487 10828 
2822 20987 20846 8898 30986 6240 
13365 9162 20335 
15548 26471 21490 28517 
7783 5465 16927 5074 24216 23294 4505 3482 
13913 17752 5277 24112 20610 6306 26581 
13313 
19398 14824 
3249 22273 5659 26818 6930 
16217 32209 18575 24016 10034 24277 
21750 6979 24284 19236 27114 8390 18580 1085 25831 
15860 2815 6346 11205 21063 24848 7764 11849 19088 
1608 2372 
22356 28498 1187 31434 1139 19951 5694 27359 28930 
30828 2652 
24795 

19448 6036 8033 7696 18137 

7908 15510 11533 
29059 3257 30044 
16955 18295 32456 4015 24575 6853 2944 9873 7590 
32057 13609 21510 5011 13743 
8738 5018 
5468 2705 22361 18466 15546 2189 28470 
4740 
26125 1639 5579 28820 12430 
21223 20830 30466 
31737 
23544 3216 25791 19359 21143 27586 9241 9640 
10207 23228 
29025 18787 

24838 30066 
9528 8442 320 
2918 32266 25046 
18621 7586 2235 
11521 14210 24949 22406 14154 26664 
11015 32003 3257 17992 14915 2939 
2011 30036 27564 9270 28703 15531 5505 27197 
21772 5683 11883 
7842 8675 27372 27986 19546 17572 29128 3419 
2778 

32489 6590 
26514 17301 31958 22402 12375 12467 
15518 20771 1156 4492 
10853 27568 
31098 18490 22663 3461 5837 28319 6127 27546 
6633 6579 23816 15626 27552 32408 
32293 25463 9113 
29542 20829 21801 11064 2854 
21123 11242 11065 15318 30700 10082 
9589 21789 

13332 14178 15808 12270 17659 18903 20142 12521 

6359 2641 25657 996 11106 15640 30976 
14160 4803 20645 
22174 16209 3264 11729 31146 17428 

25684 1461 12277 1894 15258 4065 
27390 28621 11383 18210 11590 23448 
31034 24683 8927 26182 13690 4750 
20912 1136 23788 13700 
15013 
2715 31000 
19316 22009 233 27671 1584 25660 8989 
28704 28835 
12035 10610 996 3904 29366 
3242 10751 
20225 19194 1102 10425 11838 4791 14536 
29285 29864 29790 28820 2070 4186 15056 
23975 
16619 6137 5950 10133 14865 23842 4527 7612 19410 

10744 28403 20700 23097 
18553 906 5050 18865 14460 30358 4312 
31975 18837 21990 11154 2522 29171 
11593 15462 25078 26339 22199 12175 3810 13692 3371 
15165 14249 27444 11980 5229 
21291 22585 14740 14424 8354 6366 18051 18318 23577 
6544 32153 29714 26203 30408 96 20076 17432 11334 
20353 23729 28403 17239 2499 3272 
6643 13896 17054 14630 3417 23337 3892 12262 
32184 21685 21432 
20102 20510 5521 